c10051022225fbcdbad7eba68a04fc7c03d65aeb.txt | 0 | 0 | 3 | 3
988fc18f8c9bffe0278157f8d2a531c33aa4042d.txt | 0 | 0 | 0 | 1
a1491be636874f356f523f43178a931f6837f1ad.txt | 0 | 0 | 2 | 0
530c7bee71a4fa2da99a7c6abb2ab2b1099ae766.txt | 0 | 0 | 2 | 0
f304d46955846f1548c388acd4192a46b401e828.txt | 0 | 0 | 3 | 0
186530478c267d8d49d664efca696429242a2792.txt | 0 | 0 | 1 | 0
97aeaa4a32b244a2f7ff820cf37fbf788863ba3b.txt | 0 | 0 | 2 | 0
5320081d0bc267e77e03540f082a714ba9b0f4d7.txt | 0 | 0 | 0 | 1
674f2f5a6c010a6fb0249f06e6307b5d99a7bddb.txt | 0 | 0 | 2 | 1
b76ca0bf8f61aafe2f812911f208200c96c4bc69.txt | 0 | 0 | 2 | 2
f28528a527c9e64e17aa28ca0467337bdb29d750.txt | 0 | 0 | 3 | 0
fb3d79c7508dc350990a27d4c447b906b1349d08.txt | 0 | 0 | 1 | 9
091664078fd6a16458b85ba958fe2af4dceb46bb.txt | 0 | 0 | 5 | 2
cd0c81fe3987e80d717706946cc6f0ab5ae1a347.txt | 0 | 0 | 1 | 1
f9e316306aaff3a9dbdf64511762ac0919ae0f3b.txt | 0 | 0 | 1 | 1
0eb6c0ddd30b3195962f9774342aa19d9a1bbb5e.txt | 0 | 0 | 1 | 0
a8bf9d34d586d5defbef5ead09e558b01d0c2702.txt | 0 | 0 | 1 | 1
e8e59ea65752f1b6c72dc25e2945108ec6cf2877.txt | 0 | 0 | 3 | 2
13971692dc9c2a407128817b1fa5034aaceffbcf.txt | 0 | 0 | 5 | 3
95b251590e9ed513ad6e0f7b182367d06fdd8cea.txt | 0 | 0 | 1 | 0
ae5f2d772511e2efeee3e286dcf449f15f4e974d.txt | 0 | 0 | 4 | 2
2378fe0900757dae1a8557ac5caa15054774fa3d.txt | 0 | 0 | 7 | 0
0862ad7f5286e189d8f40a37be195823af515e92.txt | 0 | 0 | 0 | 1
c2b499c775eab885478cfa9e6dee6e3c0e12d27e.txt | 0 | 0 | 5 | 0
0fedf8d2af975ab8d3faa9f82078860b2b9ab482.txt | 0 | 0 | 2 | 0
ce9b2b8266ca5f49069617c4765794c96d163130.txt | 0 | 0 | 3 | 0
1df48e23a22b0deaa5a5877b1932672153881e50.txt | 0 | 0 | 1 | 1
d549e6001a42b528b7458467ce19469649ea98af.txt | 0 | 0 | 1 | 1
d5ad502d31335b0146e78f3380c4208a82ee360b.txt | 0 | 0 | 1 | 1
aa30fdba187baa4c28e59311bc743859bd7da95c.txt | 0 | 0 | 1 | 0
868589366e5428d6ba79ee26be5ef94602e5aa85.txt | 0 | 0 | 0 | 1
361f500ed5d31ffb0abe5252e7bf7c3daf323dbb.txt | 0 | 0 | 2 | 0
98d2ed85e40884f42b8969b5c4f35e130fc58c04.txt | 0 | 0 | 1 | 1
d2f11c465e50f90a87678476e14bdec04a00afb2.txt | 0 | 0 | 1 | 1
ed64640ea4df83c98b210cff0bc678d8afd4f3c1.txt | 0 | 0 | 0 | 2
7d9469593663a75a11af757bde2e29ec84e0be0b.txt | 0 | 0 | 1 | 1
e0dfe9fb8635d5558a5839891f2f34d803c1d325.txt | 0 | 0 | 1 | 0
982f41b70c88784ada042362f5463cd6abf289d1.txt | 0 | 0 | 0 | 0
f12b3fbcd7d0d7f9a2073b4e26c03a4fed49a57c.txt | 0 | 0 | 2 | 0
9e88dced888b5f176573579a392ff65d94b61b0b.txt | 0 | 0 | 2 | 0
ab7c1af3ec9977bbaad2e257bc7b0778c7252599.txt | 0 | 0 | 2 | 0
7f1264bb65bf2b5285fe81b20006b36b226b0426.txt | 0 | 0 | 4 | 0
789e75d2e51dca38d386c0f5fb7687c7637ea7be.txt | 0 | 0 | 1 | 0
2560b54f7cf79a910f8defc9e74caf74a7d315d2.txt | 0 | 0 | 0 | 2
f05769dcc5e8e6a68d331ff79b155bc3741a5ed7.txt | 0 | 0 | 3 | 0
43c07e8b4415ed9c365ba39881c3b265edb23203.txt | 0 | 0 | 1 | 0
fc841e0269af70293400b51499d256814694eabf.txt | 0 | 0 | 3 | 3
ce2346b0878ca2a0ff77922206a1a60149aed46e.txt | 0 | 0 | 1 | 1
4486d2d209765569b06694133d158a204779b11a.txt | 0 | 0 | 0 | 3
aaa2ff54dd09b5df9bb9cb82ccb8c4cbb230b60a.txt | 0 | 0 | 1 | 0
8d1bd7eb3c3249653b0b6ea37a17b07fb1cb367d.txt | 0 | 0 | 5 | 5
64bbefd3ac6f28def42ab16daa2b3bde884a9263.txt | 0 | 0 | 0 | 3
03b109a2c8fd01d3ed2c922fdaef93fe1bdba39c.txt | 0 | 0 | 3 | 0
1ef3327441c22c124b60e994097057cf43684edb.txt | 0 | 0 | 1 | 1
4ff5afc636c9f5b100eedca2dd114b7dfef4f64a.txt | 0 | 0 | 1 | 1
e0c3dd79f9ae85821155cff3ba241b0c05ef8af3.txt | 0 | 0 | 2 | 0
cb2ad7fb87d445cda26105c750ad61f9c924bb2b.txt | 0 | 0 | 1 | 0
f21151e59478669e96c969e5bcdff1c0eceefce1.txt | 0 | 0 | 1 | 1
3bf6c2fe1f6117ae1dbe8e51f78faaa8fefe0991.txt | 0 | 0 | 3 | 1
ffc0dc44edc35dec3a788cb88ec65ad71ea6e99f.txt | 0 | 0 | 2 | 2
2d992c13245f0854f493846ee77e96fd07da48bc.txt | 0 | 0 | 1 | 1
fc4aabde7556cdefcea54505139a5cd6bcc3b22e.txt | 0 | 0 | 1 | 0
a158baf50f4bd9db246de71398a7611b1e61a73b.txt | 0 | 0 | 1 | 1
99101bae5c932dc5f4acc4adcdd43ba3a53368bd.txt | 0 | 0 | 1 | 1
3a95a7531acabc6996ebbab4b92d2b06f153b119.txt | 0 | 0 | 1 | 0
c789592e26238bf54471dc553b7d6f89064801f4.txt | 0 | 0 | 0 | 2
451a4dfc7f4fa6d8cbc743fac35d8d2fa51f75fa.txt | 0 | 0 | 1 | 1
28edc95f18a864285cc8ec4ef46c01347a190650.txt | 0 | 0 | 1 | 0
0c387a82b7acb85d34a09f532906e3e709fd42b8.txt | 0 | 0 | 1 | 0
7e5bd1f281c74e1dfb69a2b2718b10bb7400a265.txt | 0 | 0 | 4 | 0
6b599b8483e2fad1b679d937bf8de6d4eb269462.txt | 0 | 0 | 11 | 0
31d6a0f17a66e5342b9d2337cffdbcd3c6f2b6cd.txt | 0 | 0 | 1 | 1
9bc77254a7cfe4bc5bbcf4ad612e7b1aad6af526.txt | 0 | 0 | 0 | 10
00961611b2b710faff3de4cc1dceec369c15417b.txt | 0 | 0 | 6 | 6
b665a2bb1d898f251da348beba8b71b3ac34497f.txt | 0 | 0 | 1 | 1
48959f25533bf59c2511165d4c801b8716da7467.txt | 0 | 0 | 3 | 0
72813a47e7e1596a4ef7c575dcd91c6f8a50645e.txt | 0 | 0 | 1 | 1
eddc6b31f1b560c12419dae42df9293d6d47fc52.txt | 0 | 0 | 2 | 0
7f2be6ce270a038da43bf6c1d902e23787f13109.txt | 0 | 0 | 3 | 0
61c41555c8b90213048e126cfe5b9a7e10a62a3f.txt | 0 | 0 | 4 | 0
d7a472b8a6c90ce72447cb0439211f45ddb76889.txt | 0 | 0 | 3 | 0
4c3e2d10d185c285f6bf1233598ba5fd30d71ba4.txt | 0 | 0 | 5 | 0
d3e2e22f8cb1bfcb363f2f395bde726dfd5e70b2.txt | 0 | 0 | 1 | 0
094f7aa20e4fb5c752fbdddb47f8cb70bb721f53.txt | 0 | 0 | 3 | 0
fd53cbf2f3cb2b8314982dc6c089a8edee662a2e.txt | 0 | 0 | 2 | 0
8590950d70c4e607d89440382e453a16e37a27f3.txt | 0 | 0 | 0 | 4
ad859028809417396ca30cfe9842c701da789e0a.txt | 0 | 0 | 3 | 2
499f54893b88f32bfe59f951de647200f4285e2d.txt | 0 | 0 | 3 | 0
63c827b14d662d25c20b85f1eb9753c83fa7e112.txt | 0 | 0 | 1 | 1
2f2750e713e71095bf022f4e5c29cba2a0aa9ed7.txt | 0 | 0 | 0 | 1
fbeb8c966cf37fcc267ea061eb4a1823ff667c29.txt | 0 | 0 | 1 | 1
7a5248e38c9578bedc254985f3294c2da75e127c.txt | 0 | 0 | 4 | 4
f2ce59c403fd4f2ff20ce7b3ef80176ab5491781.txt | 0 | 0 | 1 | 2
4bb99e80d005e53e2af494bbc7aa0feec9e32583.txt | 0 | 0 | 1 | 0
04b7b9b2ca06df20926b3a8454579be3ca410a01.txt | 0 | 0 | 1 | 3
384a4ed6a9f14006072b8c3b30ba5c7bdabf6a34.txt | 0 | 0 | 1 | 0
2e51b48cd9ad9ad3e599aa0cb0b916061a061dfa.txt | 0 | 0 | 0 | 2
6dbd6d7c4cd6b13d4cdacb364d4df19307217be8.txt | 0 | 0 | 4 | 1
b02be6e6ec761d17deebbb5733505bbd20b68d62.txt | 0 | 0 | 0 | 2
866233bd2fe3fd263eac04ecf74be8f21fe6d07d.txt | 0 | 0 | 2 | 0
1113c356dc0c2e47f317a46bdddff3747b53a800.txt | 0 | 0 | 2 | 0
0a730beb2a518a1ffc9bb363f25de239331e2336.txt | 0 | 0 | 1 | 1
43966c7f93524f70cc4f27eda53abecdb5503ef8.txt | 0 | 0 | 1 | 0
b38231021d1d4132bdb9dcfff2cf42bc5b3b4526.txt | 0 | 0 | 2 | 0
4cf9e0457f271aa2de6cdf2a6cc27a1bcb011e5b.txt | 0 | 0 | 2 | 0
ce6372c46fab8f6c8ccc903770fda3894225ae68.txt | 0 | 0 | 1 | 1
d98bfdea3763a674fb7d1c73dee0c46abbe1a589.txt | 0 | 0 | 1 | 0
270dc2cd7281ae80f595133ea6cf547e45856d08.txt | 0 | 0 | 0 | 1
540dca7bdde387f17563111bbe24a6519eba6396.txt | 0 | 0 | 1 | 1
ee7c86a07ddcb6b973ea4557ccdcf01cdd78767a.txt | 0 | 0 | 1 | 1
4ee6a90edd9fe579c9e2ddf2b68d436031aeba92.txt | 0 | 0 | 2 | 0
62c93a4b9acfd77e99bf6d7c6d8a7311ef98db14.txt | 0 | 0 | 1 | 0
fca5a2b8246c42d3e634826ccd231bf5a15c22ed.txt | 0 | 0 | 4 | 0
c4013309013295c45faaf0183e0ad5dd269777d9.txt | 0 | 0 | 3 | 0
64d02f8bb5ab10c5d73dfd7e77470cac52b6b819.txt | 0 | 0 | 0 | 5
ce2058fa97c8e13811a27f103a12c6dd461ed8b4.txt | 0 | 0 | 1 | 1
b4134e239ec97da7cf55ff25b7e4400da712715b.txt | 0 | 0 | 5 | 1
a79f71cbe802a8d87bc22e6eba67553ccedd54a7.txt | 0 | 0 | 1 | 0
e59d70ea03367add004ad449b8f6f206767dd4d6.txt | 0 | 0 | 1 | 0
146a337b539a4df2a2bac79c40cfc6c47b6789b4.txt | 0 | 0 | 1 | 0
356efaa7c87acda5d3b54f8fce44078944283db2.txt | 0 | 0 | 1 | 1
07c56c60ba1b5f98064ab9ce5df11b82ec56187d.txt | 0 | 0 | 1 | 0
1c3a91883d174bd9ecbe54bb7590ec210d44dc13.txt | 0 | 0 | 1 | 1
f5d922c71253ea14c102c5c71fd8d4a671ef7cfa.txt | 0 | 0 | 1 | 1
204cb6f195ce5d6779ab63887252f2d1a69aa6f9.txt | 0 | 0 | 4 | 0
cedac27c804f72f9dd5738843ec33e7aa609a96e.txt | 0 | 0 | 1 | 1
351e1ec4def4f01db808785ef4016178eac2b6d9.txt | 0 | 0 | 1 | 0
30bef1e95ec0037855535f84148f8beaa657e0b5.txt | 0 | 0 | 3 | 0
de98c4b3ff37a313a58ccc53c23df722457f218a.txt | 0 | 0 | 1 | 0
1e2d5a1382897277a0161b16984c4e705327e8d8.txt | 0 | 0 | 5 | 0
db41fb16c07cb76d076e46ec1ad62ec45aa124f5.txt | 0 | 0 | 1 | 1
bb92387928afbab325abd5e71e2ae5e2c6723643.txt | 0 | 0 | 1 | 1
204f6f67fdf1b07f7bab558d9a6a943f89415842.txt | 0 | 0 | 1 | 1
27267a7090b6a5ae6fd9330420d31acf1ca84c97.txt | 0 | 0 | 1 | 0
e695b4a6eac9ff391d68b2efddef1af19b154040.txt | 0 | 0 | 0 | 2
09200361defde95ec48bd9169ab5db7590c9440b.txt | 0 | 0 | 2 | 1
319fec4be4263f21c3b4c30cfade449d0acf7efd.txt | 0 | 0 | 0 | 1
767aa43e315fe6448aae554d5f3e219c329611e2.txt | 0 | 0 | 0 | 1
56865ab2601e0dad761e72cfd16c1e72d70683e1.txt | 0 | 0 | 0 | 0
9e43b99966545db8c5338e8fe7a91544e566497b.txt | 0 | 0 | 1 | 1
315213ea4e2fb3b4dd42c056b0a0da5f05d9f01a.txt | 0 | 0 | 3 | 0
f78f836fc0515158479f8db52e64700746804ac0.txt | 0 | 0 | 2 | 0
eba5b7491049c40e4691c8446667e7fafe1dbfb7.txt | 0 | 0 | 2 | 2
53078c320e3273bc5ac567dd6d4852962b9111aa.txt | 0 | 0 | 1 | 0
d2109ddf4d1711635fcc0b13899be86e6a682054.txt | 0 | 0 | 1 | 1
48800f18189a082f09f9a474ceeeabee70f15f99.txt | 0 | 0 | 1 | 1
3879afccfb2ceae0fce063ed6334508fe03dda39.txt | 0 | 0 | 1 | 1
a33c3eec3f0242165f21d95826d8e58ea5078b0d.txt | 0 | 0 | 1 | 1
d1b85584308cc615a5a3e68be69130b3199fdd14.txt | 0 | 0 | 3 | 0
18d7634947a1f7d89c0cb74795a95f4f4623ea2e.txt | 0 | 0 | 1 | 0
31025d9f6c9248db88061855c3231a203ed3c80f.txt | 0 | 0 | 0 | 6
912d5cf40b19b9744758b3eb9b72515b563eeff4.txt | 1 | 0 | 3 | 0
6075682e64ae2cb3b30db04f717358038556d9a3.txt | 0 | 0 | 1 | 1
b45683f10354ff92c21402e28981606ca99aa0d8.txt | 0 | 0 | 1 | 1
eba476ba6ec5c9eb4ce80d016ded3f214fa04d89.txt | 0 | 0 | 1 | 0
50190a4de7dec55df462fb06c2d888176403d654.txt | 0 | 0 | 2 | 0
d50fe8874fa442cbd3ea380754e7b412a77aed9a.txt | 0 | 0 | 0 | 3
941d163709060d837becb21879e7d802ae4038a6.txt | 0 | 0 | 5 | 0
c71322a0b233f3d079390cbcadc4c9e56534046a.txt | 0 | 0 | 1 | 1
d718a803165f96d7f38335fabf6194180cc6999b.txt | 0 | 0 | 1 | 1
da759f29d081cca1d8de6e40b88176d147e271b0.txt | 0 | 0 | 1 | 0
da12ad0ca5366fb7f8814d6518e1a45609362a36.txt | 0 | 0 | 1 | 1
521174754e57106af154df4de1c77e1d3c14d1dc.txt | 0 | 0 | 1 | 0
376d6fb9bccdfa69ed7fb91d0a987cbae8cdfb6e.txt | 0 | 0 | 1 | 0
99ae6dac5321a741d93ff5187fafb94c295a6928.txt | 0 | 0 | 1 | 1
ee7bed1849bdd74b71e5fe4ba34dd89cf75d313a.txt | 0 | 0 | 1 | 1
8622e5db20bf7afb839b4b6550750426ed92e7b6.txt | 0 | 0 | 1 | 0
464915d2cc78c996bb12c6b3911214bd8f10ad28.txt | 0 | 0 | 0 | 3
178746d67853e3dedfeebc9a6af18be3fe5a76a4.txt | 0 | 0 | 1 | 1
8ee4775820726d8f73f248761ceb390d72dbc9c6.txt | 0 | 0 | 1 | 1
7dd186aa40449f347320992d5f9cddf4225a428d.txt | 0 | 0 | 1 | 1
286a3bb10aa6884c4c93245d1c928ec7d3db69fb.txt | 0 | 0 | 1 | 1
7d5cc3da63010a86ae3ad212643d8111a2f370f4.txt | 0 | 0 | 3 | 0
68db43cf44223de3887683e9bdd49d8e5b7be2c5.txt | 0 | 0 | 4 | 0
d17b7c8195477c43ea99b2508d216bb6dc4c6b65.txt | 0 | 0 | 1 | 1
1a32a6a06b8bf8d8d1c09526449227225076fb97.txt | 0 | 0 | 2 | 2
bfee98e1f3afb8b68e2654d32726f6ce90bbcacd.txt | 0 | 0 | 3 | 0
ef5c8aa30433654b01dd62bbd088cb09dd0d315a.txt | 0 | 0 | 1 | 0
4a030d5a7ae4d820f6cbd291491639013809bac9.txt | 0 | 0 | 2 | 1
f2351f1ece80cea64f1a88c5294bb0fd07cbc4b2.txt | 0 | 0 | 6 | 0
217f825d3d83e47076dc29cf1618d497c1ca3f02.txt | 0 | 0 | 2 | 2
9ffbfb0d80fbcde84f2d6183a18337f946c0d806.txt | 0 | 0 | 4 | 4
82dc7bcc908b31643b22df6a61e4375c8e143e97.txt | 0 | 0 | 1 | 1
f52d624be507abee55f553117510bd4b2b30b809.txt | 0 | 0 | 1 | 1
e009d3e47db0bb74454c643ecaf8993e102bdada.txt | 0 | 0 | 0 | 4
b906b186556b663a6201914cb965c0e8a47dd276.txt | 0 | 0 | 2 | 1
54a3ce8827da7323ce1b089485190d9889df2c60.txt | 0 | 0 | 2 | 0
6f9f335ea1ca03665a7c7f81649a931e93a6b902.txt | 0 | 0 | 1 | 0
53a61474aaf1ab8617cc3e6cef43e87f2599621c.txt | 0 | 0 | 3 | 0
be435130e6318ac7703fbff401a375045ca9003f.txt | 0 | 0 | 1 | 0
3a8be10be8a0e85632273ea4c6a2beb34a202220.txt | 0 | 0 | 6 | 0
ee16332745caddc1e48972f127e03542953120bb.txt | 0 | 0 | 0 | 1
cd522dadcd7efa664b0979028c911ab4295f89eb.txt | 0 | 0 | 0 | 4
f4e12e96c69848cd3840964a41040cc15d7defe9.txt | 0 | 0 | 1 | 1
3e1d9fa8569b032206bfe813248e7ab0cc92ed58.txt | 0 | 0 | 1 | 0
7c91176186d0d19a48eb36cfbeaee7ee598ff583.txt | 0 | 0 | 5 | 0
ff870de0f0bc96d3e82a78560c030100b7ff9385.txt | 0 | 0 | 1 | 1
d8c5c3262afaf144452aeae10a4481875c1a982a.txt | 0 | 0 | 5 | 0
9b5e5f32e1cb5c0b359e49e2b6f93750a297de3e.txt | 0 | 0 | 2 | 3
2d1f758fd86112bab1bd98d1c562be06d16503fe.txt | 0 | 0 | 1 | 1
a4925dabf71134bfb19c266c655940a2ce9d5ad0.txt | 0 | 0 | 3 | 0
b87e02dde0573e1b5d6c98a3aa3b002486af0113.txt | 0 | 0 | 2 | 2
53f3982748da6c5f4f98bbb1cacf26f368f74986.txt | 0 | 0 | 3 | 0
9fb65e57c0189913bd39f63005b839f6416000c0.txt | 1 | 0 | 1 | 0
018231d20a291587dc17c2be3c9f0d13c450bcb0.txt | 0 | 0 | 1 | 1
6d4bab911cdfb79171b5b71c7e7f2785a1654a50.txt | 0 | 0 | 3 | 0
d7a73e70be2bca6119162c2131bc23331bfca4e5.txt | 0 | 0 | 1 | 1
2097b6a4c112f32096b3cb5badce30471abed224.txt | 0 | 0 | 1 | 1
ea087b9bac31480052695f68789e91911ce75c79.txt | 0 | 0 | 1 | 1
b423962c8961ed74b80d7e5f1fa6479a53513ab8.txt | 0 | 0 | 1 | 1
de7eeb50142fc72b9f276c0e86d221941c6ad6f3.txt | 0 | 0 | 1 | 1
b76a519f654a4c204cadfcaabebf62aee3b951e5.txt | 0 | 0 | 3 | 0
6586bae889d0469a20d2d52b552ab0244cce3a4a.txt | 0 | 0 | 1 | 0
56b8faf31badd96f9c2d15fbc943f7b04b4fe20d.txt | 0 | 0 | 1 | 0
9f4a5c13a574f24c44288c3e378345f4ae1c42d5.txt | 0 | 0 | 1 | 1
e9bd11ee8376a691ccec7317350b3008f89a404a.txt | 0 | 0 | 1 | 0
0b863611d9563d6a41ebe219925e68be407e501a.txt | 0 | 0 | 1 | 1
28f32da74f095c79643a7df560a86c36461a0cca.txt | 0 | 0 | 1 | 4
7afe1d16a689cebc193046ced9aab6e156a5c4f5.txt | 0 | 0 | 2 | 0
ae095b2c1bdb24f6f67ce357653184f0ef1300d1.txt | 0 | 0 | 1 | 2
4d608f20e9e966bd1d7848cd2ccb245787eaa1a1.txt | 0 | 0 | 2 | 0
0b464088461e1d2bd78753a53d05baf638dc1db8.txt | 0 | 0 | 1 | 1
00d594dcda6edbd7086b888e60bd0aa6562ad2e7.txt | 0 | 0 | 0 | 2
ab7c47d340341aea690ce0ce2e32f564e494cabd.txt | 0 | 0 | 3 | 0
02bea78229fff39dd0dcce66a2e2de91b330d6cb.txt | 0 | 0 | 4 | 3
968a637e50a67c4aa2ab2ecf70519851b9cd79b7.txt | 0 | 0 | 0 | 2
cdbdc1cb7f798ad1674430269d30a21e712adfc3.txt | 0 | 0 | 4 | 0
ea4061fe994f3fcdce5b8c5dbe16614c84f40224.txt | 0 | 0 | 3 | 0
90722a9bca89a933d375077945cf5497f7643bcb.txt | 0 | 0 | 2 | 0
99940337a9445e16beed92becd2a21656f55bac4.txt | 0 | 0 | 2 | 0
e2862390ee97c49243ae3deb26000065c53a1a1a.txt | 0 | 0 | 1 | 0
be161b23cb58b05a103da421d79c87871ce787fc.txt | 0 | 0 | 3 | 1
c4c50b7c49f0e240a0e5cc65cffd2b609e686dab.txt | 0 | 0 | 2 | 1
1a57673345ac144b28f368088e37d305fb0bc869.txt | 0 | 0 | 4 | 0
7454c4866b62006f7536476c65eb22aee9adcc51.txt | 0 | 0 | 3 | 2
22ed56ac52e41fcf595b0eda8afaf2027e6e0e4f.txt | 0 | 0 | 2 | 0
b2efef2eed65b4c370ea4fd2dfb934356fc31234.txt | 0 | 0 | 1 | 1
bd26b28aa5110dd67ce2b5b5567aa14b42664e57.txt | 0 | 0 | 4 | 5
c5dc3f564b3e58305cd3623c2f58d3200dcaf9ff.txt | 0 | 0 | 1 | 0
2c959b8e2ac9f51fbceb3e288a297bf832651957.txt | 0 | 0 | 3 | 2
0c299bbc1f786601a1cea6f2a1b9e36e923e688e.txt | 0 | 0 | 2 | 0
b8106ae773c09cb7454cf9988fa494567d503f36.txt | 0 | 0 | 1 | 1
ef7390d3f0c17950212097a67284a846bf9ce80a.txt | 0 | 0 | 1 | 1
4d27458fee628b3846601ba03e84dbe793bbfc0e.txt | 0 | 0 | 0 | 1
f745f20c8ccf610e8bd9db17e95d2420745ea6aa.txt | 0 | 0 | 2 | 0
917723a88380f2d6d3ff1f98c92363bd5970eed4.txt | 0 | 0 | 1 | 1
07d6eb6397d5362db6917c134f0190d76a0c5fb6.txt | 0 | 0 | 2 | 1
b7f60c2ded4fd2d26f8b186197c43a18e09dde26.txt | 0 | 0 | 1 | 0
120ad56a5c21fdfe628e90a63ae09c77be27457e.txt | 0 | 0 | 1 | 1
5f2517f8894409180cbb00395f3392bf2f182b8a.txt | 0 | 0 | 5 | 0
ca1710ee56d327e46a76f028f7bbc12dc974ee5e.txt | 0 | 0 | 1 | 1
c219f5e57fd3992fc6047c6ea608be2c4951e206.txt | 0 | 0 | 1 | 0
3565961d6807aae7792d7fe51337a1dbf9aca30b.txt | 0 | 0 | 1 | 0
09a29a72079c5f4cc903c1c1c988363b1a9c64fb.txt | 0 | 0 | 5 | 5
373e2c51564a4c2cca306394ba52e5bcde839cfd.txt | 0 | 0 | 1 | 0
05ea2d77efc133d06a7ac5466a9cabb8466f4d02.txt | 0 | 0 | 1 | 0
5a7624df7c466469377bd6d1159bc183e9e7f2bf.txt | 0 | 0 | 2 | 2
a700ed44797643076b15b0e87f1989fe52a8be36.txt | 0 | 0 | 0 | 2
017efda6ec276508ae64beb1b52ad606f5f03401.txt | 0 | 0 | 0 | 3
5925e153b479957a7a6690539e4fa49d2319d65a.txt | 0 | 0 | 1 | 1
4b00dc8a5ccb1e3981ac88649ac56bf3c9e80689.txt | 0 | 0 | 5 | 0
977f8b447924ddfcd937cb7a35dcb384f25ed3ba.txt | 0 | 0 | 4 | 0
dc18d8d1bbd8c8cda8ce1880cdd6791e6b1c082a.txt | 0 | 0 | 1 | 1
ab121dc91b11ef4e947646f3dca99355b9f866fc.txt | 0 | 0 | 3 | 0
f13697b278a6614fd0d48d78e07956b2210df5e0.txt | 0 | 0 | 1 | 1
0540cecbd475544d5f8002d4ff26799be55afe17.txt | 0 | 0 | 1 | 2
04b7c4c6d96de0981730365c629e2f3ff9864c0e.txt | 0 | 0 | 2 | 0
8600bd7294419453d82608defe30f4ab718b259c.txt | 0 | 0 | 0 | 1
28a8e3db2f861d2fdecd310ea7fc47265dc6a298.txt | 0 | 0 | 0 | 3
bf88073f7e7eef9cd9378fa22edb11c86c994e85.txt | 0 | 0 | 1 | 1
dcb17a7cb5a21d831e34dac1341256a6bd124b52.txt | 0 | 0 | 1 | 1
64da63aa96dd1950416db8179033f51e53bf2f3a.txt | 0 | 0 | 1 | 0
c79ecc29c68c86dcfba65aaf31ed710db92dea4b.txt | 0 | 0 | 2 | 0
ceab9b9b33efe20096c06926fde12851e728a90e.txt | 0 | 0 | 4 | 4
6f3ca459eaf47c73c9f2b64664017681ce9e300c.txt | 0 | 0 | 1 | 1
b1b3fc6639ee9d208d3350e0f4ab6e41efe277ea.txt | 0 | 0 | 1 | 1
44a46f1514cb22b0b9e9b5b066ae63e4acf472fa.txt | 0 | 0 | 3 | 0
0515ca0dd02fec54d438d45afbf95db1b5f41353.txt | 0 | 0 | 1 | 0
73460a5b2559f440bad62b6e312590b3d5db1f42.txt | 0 | 0 | 2 | 0
a85998f4c338639f130b5a4d821bd38847e42188.txt | 0 | 0 | 1 | 0
34420a8768a1d66266c35753f2d350a26f6c63b3.txt | 0 | 0 | 4 | 0
20f201b57a71ac06423ccc9e2ddabfa42265c18e.txt | 0 | 0 | 1 | 1
dddea7098551f4490f300a443dcea715ac2eefb4.txt | 0 | 0 | 2 | 0
ada3e1eca22187392f70586be0387a5cf09f1c7a.txt | 0 | 0 | 3 | 0
6de364f2df8c5fa7066f2f4bd106c2eb6e32759b.txt | 0 | 0 | 1 | 1
0a4ba499dfa983144f2cfd541078795cebbb87b3.txt | 0 | 0 | 4 | 0
9453a6324a32f61eb9668e81c8ff16f66261b21b.txt | 0 | 0 | 5 | 5
f42998f5ca958514af99a12f18ae395c88541018.txt | 0 | 0 | 0 | 1
6f7f11fd96d657d87441d378d952dfc89ac195f7.txt | 0 | 0 | 1 | 0
8a3502bddeff9431f0204c59bfa3933e9b1181b3.txt | 0 | 0 | 1 | 1
51fd27fad42a97d3fd9834e9d8d99b7c6dd4affa.txt | 0 | 0 | 1 | 0
05732613dded7c04e94a08403c8d1edb5e046a21.txt | 0 | 0 | 2 | 2
c713c8091d05307ae233380832a63fa9666136b4.txt | 0 | 0 | 2 | 2
e67f2e29830846fe464db0c41c1772e509aee2d9.txt | 0 | 0 | 4 | 0
76ac781a65bc3d60dfe838f8cbf30eb5810f6e3b.txt | 0 | 0 | 3 | 0
38f0cf1ed2d53d6772e3dbe352e581962f9bad9c.txt | 0 | 0 | 1 | 1
da3b49e0247e85dbb10eda2b6b45e10de26f0dbd.txt | 0 | 0 | 5 | 1
3f498a480308352a7b0389250158ec58ec39dee9.txt | 0 | 0 | 4 | 0
6a777a7f9bd7c9ae8ecf7f3dd3554bfe88f21913.txt | 0 | 0 | 1 | 1
4968900b1d4feee9c93ebccb90227436a35d59cc.txt | 0 | 0 | 1 | 1
2ff74b155998efe119f6615ab454b2348b0be133.txt | 0 | 0 | 1 | 1
9f52a0dbd7b94a8af497254f1a5b23382d69a385.txt | 0 | 0 | 4 | 0
54b54b7c304720a18fdae0f2143170733057f3b9.txt | 0 | 0 | 1 | 1
683ddbf5255c4bc2cf6153d20d867a8baca6de2b.txt | 0 | 0 | 2 | 0
7f8944d00fd7d3cdd7c4889e808d498b53a18400.txt | 0 | 0 | 0 | 1
eff35795cdd744353493841e79d724364bd3eb46.txt | 0 | 0 | 1 | 1
3ca73bf00d0af8b76f938479d578fdfd72a3c7bf.txt | 0 | 0 | 1 | 2
caf1aab9db8f40d325b86d41de837e3ebae8def6.txt | 0 | 0 | 2 | 0
dad0574fd50a658d8af336d73940baa081b04413.txt | 0 | 0 | 1 | 0
3995c16ba60bbeb1933c2233ffcab368655fb3c2.txt | 0 | 0 | 6 | 0
fc4340c5d40be646b4854f53db17ad970c6c8d87.txt | 0 | 0 | 1 | 1
73a08dd6689dcb420541b13701aa448a995c95a5.txt | 0 | 0 | 4 | 0
6381b88736d060c10b5d2a8c9ba25f5436e05a16.txt | 0 | 0 | 2 | 0
d99625fa78e36f1c9f047dfe512a1b97e25e0b03.txt | 0 | 0 | 1 | 1
2c05e9f1500377becc4f71698a3d8da38851382f.txt | 0 | 0 | 1 | 1
6c76353682d53977e3ea41d9c872411fd4b9a15f.txt | 0 | 0 | 1 | 1
98b2267a5ba9d9d2be504d85d9e07c3e8f58e1af.txt | 0 | 0 | 5 | 2
0aded58884b336d074731fb85de082c307b14dbc.txt | 0 | 0 | 1 | 0
7f85aba546108cd7230708c7cdc1cf7394efc676.txt | 0 | 0 | 4 | 0
339f3b7bf0a04731e6624e5eec2a900cb28a0cde.txt | 0 | 0 | 5 | 0
352e3ca3976c5d77254f30c2a287b5894817c2f0.txt | 0 | 0 | 3 | 2
4ce726b1a04e318ff5d86c714a32970185ab3ffb.txt | 0 | 0 | 2 | 0
b72002142df3fbc46ae85200659088c668656734.txt | 0 | 0 | 0 | 5
68cd27c47b9bd866651605a73406e36cfdfd45ab.txt | 0 | 0 | 2 | 1
f7d4490b2d94a64fde1595f2378452fe5a20953d.txt | 0 | 0 | 1 | 1
cfd0ab7646fcb8a5ea27fa573cc1429ad5734ef3.txt | 0 | 0 | 0 | 1
997b015d108ef4330e30bb673ce4fb27e9b25e5a.txt | 0 | 0 | 6 | 1
270d5e3205fe178fa7f9e0ddb29c5c5f92015417.txt | 0 | 0 | 2 | 2
64777204d8187ee101cbee21d5d0ce4ffd338774.txt | 0 | 0 | 2 | 0
29707bf75a182c57a0c0dd6fc2b074f79e9ffda8.txt | 0 | 0 | 1 | 0
419f92d38188ddb2473efbc919940cf310d2bb82.txt | 0 | 0 | 1 | 1
11b82cc6feeeff4252bc0a75403560c64bdc5a3f.txt | 0 | 0 | 1 | 0
7bee9dfc2202bc37116d8e4511f6301d82c5becd.txt | 0 | 0 | 0 | 1
bc6e4e6e55dff742868ab51eac92727e8e9dbb5f.txt | 0 | 0 | 2 | 0
06558675bb625662d9380c4ac1a05161a2819537.txt | 0 | 0 | 1 | 1
4f86233ca72171d6adb55369c08f8978c657af07.txt | 0 | 0 | 1 | 0
2d058570ca9834b24b43e3d6387ef5aa5264d0e4.txt | 0 | 0 | 7 | 0
bdd8e5312451be765e49e74081046c91dc605eaa.txt | 0 | 0 | 1 | 0
151220f41d1108c9b84f98c6d8eddc710a0d5863.txt | 0 | 0 | 2 | 0
578bd5dc375627365f457aeeefaa293a7f2a3554.txt | 0 | 0 | 3 | 0
670ba33bec4b0e578e6e113fed5b0b2890807472.txt | 0 | 0 | 2 | 0
8f1be4cdedd425aa40830235b42e1b01b3facaa8.txt | 0 | 0 | 1 | 1
89349c6eb974478e186e31efe2418e497624ca6f.txt | 0 | 0 | 5 | 0
e1fd9df7b958e6a53661849e9a2d1d58fff24f7c.txt | 0 | 0 | 1 | 1
0ccfba939eeaa543670a3151f4b15a7057c5fc02.txt | 0 | 0 | 2 | 2
03cf4fbb10d72bb061cb7e7e651e68f6de027dee.txt | 0 | 0 | 3 | 1
80eee6b30fe4604fba84a036d238896afe359d4d.txt | 0 | 0 | 1 | 1
cd1a228210486963bb876b213115c7f42198333b.txt | 0 | 0 | 1 | 0
2eafb3d88721e34490763d0c4ea14f17abebd736.txt | 0 | 0 | 1 | 0
e17769fc2fb0376121043522438470eac18119c1.txt | 0 | 0 | 1 | 1
0daf83efabbac54aa07eecd2283c1d3405f4316b.txt | 0 | 0 | 3 | 0
94aac343a3b92cfc8e01f8628c243fdcdc8bd759.txt | 0 | 0 | 1 | 0
2e32cb2af19aff2d85c80467b4bf031613ca8288.txt | 0 | 0 | 0 | 5
cf31325e5d969ae5ac38e814a9137030b650468f.txt | 0 | 0 | 1 | 1
ad2e311f2f150cdb533e7b582c777136fed4a060.txt | 0 | 0 | 2 | 0
6af6e8e31bae8b982182eae70460fdf1612675a4.txt | 0 | 0 | 0 | 2
da65158eae700674fd616f029c2e29644bb097e9.txt | 0 | 0 | 1 | 1
20dfeddbb3232ac5a841a7478815c0e9cc7d5608.txt | 0 | 0 | 2 | 0
961350735b1b3986add11a65774e0be171c21066.txt | 0 | 0 | 2 | 0
efee06fd9b42c6008b5b2cdd9320625f2e44ca4b.txt | 0 | 0 | 1 | 0
7afb161fcfea70502f8ce6ca491788be71ac6f1c.txt | 0 | 0 | 3 | 0
8e0b3dd00a5960ff80b52f3f916d08f91e9961c6.txt | 0 | 0 | 14 | 11
3e97cdbc3bf1f462c8ed84dcde3a735aa99a2d2e.txt | 0 | 0 | 2 | 7
de470540ea832091c63d0bbb0045707865ed14ba.txt | 0 | 0 | 4 | 0
2dc296caa9bccb3bd64807b843e578b6cee18c3e.txt | 0 | 0 | 2 | 0
247685e9923093a22d53d03730cd365c7d9994ab.txt | 0 | 0 | 1 | 1
6a70b90128d2e740d1ffb9af550c5d857044f089.txt | 0 | 0 | 2 | 0
5833d2c5e8c06b1f0003e6e036a31d5d2687dd28.txt | 0 | 0 | 2 | 2
0e2d34cdb4d14f08fe44cc62dda68594320b7c49.txt | 0 | 0 | 0 | 2
1baf3c63c4d617244734a1a6a47849d1a55312dc.txt | 0 | 0 | 1 | 0
dac03fdb7b57d83699ce43c1c2a484616b2e8623.txt | 0 | 0 | 2 | 2
80358f7fbf71765764e7a4520e937704cbecdf56.txt | 0 | 0 | 1 | 0
6d98851fb51b22f42cb2e34464e1dbe4ccbb5d09.txt | 0 | 0 | 2 | 2
d829d522be8c3c6ebc3cbdfbc49aca4815e969c5.txt | 0 | 0 | 1 | 0
cf64d9fd35c3ea19289e4f7cc9a7e4c4bca558ed.txt | 0 | 0 | 1 | 2
e7b03f7ca357f95ed70406464694da7ff7ffdeea.txt | 0 | 0 | 1 | 1
16c521a9e6344c248ee474a4ef101996dd9c3659.txt | 0 | 0 | 3 | 0
e06198e9cbf49312a7c1b3949a7508354705983a.txt | 0 | 0 | 1 | 1
8859824efc73bcee02cbe7c9d474912b208819ae.txt | 0 | 0 | 3 | 0
b49c1f69251df527f4c288e17e13f98c499d3906.txt | 0 | 0 | 0 | 3
b931cce386bec52abcb6db80b6c73994dba8274e.txt | 0 | 0 | 3 | 0
f2b2c085e9f0253bb3d9721172463ac620f2d2c3.txt | 0 | 0 | 1 | 0
c236db04ef4c66342f22e44441432cd36b509990.txt | 0 | 0 | 1 | 1
dbaaf2a5fadd4364b9656430c22f73148484b41a.txt | 0 | 0 | 1 | 1
1ef0098ab58ee12677da1bf9d42ce03331ca3226.txt | 0 | 0 | 3 | 0
b569918db1c33847ce1d1464d7d78f692f289e99.txt | 0 | 0 | 9 | 9
297127e07586b2289bb9eb07cc3bf1271706424c.txt | 0 | 0 | 1 | 0
8d5f26f6bd0e273649ccf2d4a37308317c0c4612.txt | 0 | 0 | 1 | 1
b93c2b9a9fba057470b03944cdd59e37f1ebbc59.txt | 0 | 0 | 3 | 0
71cd1926b9a799fae83e99c7cf7c95749136be1e.txt | 0 | 0 | 1 | 1
969c7d6fa188bd9e60cb2be837c1832eb0b5a66c.txt | 0 | 0 | 1 | 1
c592e3b67dc00fe4426022260f2249ac141aba1f.txt | 0 | 0 | 1 | 1
770c115d885dfea4d300b1187fdbed3167a58fa5.txt | 0 | 0 | 2 | 0
3bc37ddde0053aea656d918d55244713e729d155.txt | 0 | 0 | 1 | 3
6dc14af92dbfa7b5281072d9fdde241ce0da3679.txt | 0 | 0 | 2 | 0
2b57c5a4dd639c83570f72e50bf47a7d3c5b171e.txt | 0 | 0 | 1 | 1
d7251f52a44141d136b24fd90e06e46213a7e94d.txt | 0 | 0 | 1 | 1
81af02fde7c7b6efe8f1c2c384b064f4591c80b0.txt | 0 | 0 | 5 | 1
0a446cb962033727e85df0f2760fdb6e76cc0afc.txt | 0 | 0 | 1 | 0
6c22e0ab6e397d6158d1e29c2c91c2227ebc3d47.txt | 0 | 0 | 1 | 0
c83400d265962b871c8122809fe58c22ba123aed.txt | 0 | 0 | 0 | 1
2be554456ecde05362240ba351c90cebd507f6f5.txt | 0 | 0 | 1 | 0
49d249bdf4414ba132dfa93af2daa43410425950.txt | 0 | 0 | 1 | 1
5c6a0fd4720868ab56095fb6bee708ef1f44866e.txt | 0 | 0 | 1 | 1
a4ba8f61c9db846352ba3a53ad916953d66c8e18.txt | 0 | 0 | 1 | 1
9059184a6a5c5fd8ced2a08fc15a27fb009bdc33.txt | 0 | 0 | 2 | 5
cb6c8f76e267a303bc616c782dc7531c0a68e8e3.txt | 0 | 0 | 1 | 0
6e29ee4557f3c77dfe0cb46728f6723453d2b4bc.txt | 0 | 0 | 1 | 1
9104ea81e82094e27ca71c64de05c40164bee1a6.txt | 0 | 0 | 3 | 2
e49d50fe9db86c7d2f1ff8a50e5fdb5d58836e2b.txt | 0 | 0 | 0 | 1
e56be6cf3d329c950bcdd2ec42dbd85dd40bdfa8.txt | 0 | 0 | 1 | 1
f38bd7af377e7867cb7f8956631da5ebe98905f1.txt | 0 | 0 | 2 | 2
d62827373de0f2971ef8e4b39efbb8735dda64f3.txt | 0 | 0 | 1 | 1
02a8a9c07bda69a6acf5b899e8dade02566b4005.txt | 0 | 0 | 2 | 0
7fd26a556d31d3a24f789b1e19f126ecba147d13.txt | 0 | 0 | 1 | 1
312292b93eb4dbd5ebf522089d185b4c798be771.txt | 0 | 0 | 0 | 1
f449665e2a7f20f34145f0796d36e1f4e5b44bef.txt | 0 | 0 | 1 | 0
9bb6e0f497d8760e31607fb0c199c3bb5679a3b4.txt | 0 | 0 | 4 | 4
e8cb75bba88f7fbec3d5b35aee24d06a3e43a4b8.txt | 0 | 0 | 4 | 0
e3a53cb087603bf7a85fff5f0857a90fed23cbdd.txt | 0 | 0 | 1 | 1
518f41a4aecb2b3b2059fbbd395d90f5c2b9f532.txt | 0 | 0 | 2 | 0
e7efa8f133166e704c156e69ed9f0bba6b91cb69.txt | 0 | 0 | 2 | 7
7e771bb655811d0ccc83fa138b4a0f8430df2a9c.txt | 0 | 0 | 1 | 1
f4ccaa874ab95973f16ab14df2d23b61bd48d5a4.txt | 0 | 0 | 2 | 0
f7cffce695100864ed0ab2376df68da5d96d2f32.txt | 0 | 0 | 2 | 0
46c46dbd0c60e91f7648f005741c27e1d76fe705.txt | 0 | 0 | 3 | 2
e1306c6228e352e8b54802a4231b7f8d4e182910.txt | 0 | 0 | 4 | 4
bcd74bb72d27daf42cc44e8952381f6c6621f468.txt | 0 | 0 | 0 | 1
b63016d8fcb4703400ea864555f9ec9901acef20.txt | 0 | 0 | 2 | 0
e2a75942463faac195a90541917067fc95b8d164.txt | 0 | 0 | 3 | 0
c880e10c41fa0a2a510b643aa6f1c65cc369f468.txt | 0 | 0 | 1 | 0
317758458894f2cd00550644f03893fa70245dc6.txt | 0 | 0 | 2 | 1
156ef3f1a0978fb19f7f61c46857b26e3e44e97a.txt | 0 | 0 | 1 | 1
2e0a9152812c0b389d3ed2ba9ba498a418ba964f.txt | 0 | 0 | 4 | 0
cf23b519d296a588610681e6a4be8eb042039107.txt | 0 | 0 | 1 | 1
0326abfe01903c6d71570ff69c79eaa2a82958c3.txt | 0 | 0 | 3 | 0
091478e0fd933348f529678dc21215e1f5e9dfed.txt | 0 | 0 | 1 | 1
ed01ae9ebf57e34c289a1e6858115cedc561e6ee.txt | 0 | 0 | 8 | 0
d818a09ed820b0f893a46ae9e51e3d36ccd1a762.txt | 0 | 0 | 1 | 1
5249f54c5a3253c30132d80cf715c9a734db7409.txt | 0 | 0 | 1 | 5
1b3efd41f5a617b176fc278ac290b6d0dbe82f5e.txt | 0 | 0 | 3 | 0
98d95268e148df703f7da0586e553e5ef7a9abac.txt | 0 | 0 | 2 | 2
42e0dc14b5d9da403b61d91ab0674973d02b96e9.txt | 0 | 0 | 1 | 1
6ab376e2e88ac9f3a4b1aa3c2962cba29d44965b.txt | 0 | 0 | 1 | 1
715db153e35788c91fafb8d191447fcef92933ef.txt | 0 | 0 | 0 | 3
de8a2a71d0146dd7be60475e5602deec401179b8.txt | 0 | 0 | 2 | 0
7546f10aad26d5f95c7533eb4a4b894b9a90ed14.txt | 0 | 0 | 1 | 1
0f652cdf4f61ef0621d4754da01973648cafd2c8.txt | 0 | 0 | 1 | 1
8e3baf3130220a331d540cb07e1aca263b721b38.txt | 0 | 0 | 1 | 1
5ceb35473d656e086aa13fbc433df003377a4819.txt | 0 | 0 | 4 | 0
4248665fcdb3128c33f6f4cf7ac5626bc7ecab5b.txt | 0 | 0 | 0 | 2
40ac5b4ae2faff0baf1888531218eedbf4c1aa22.txt | 0 | 0 | 1 | 0
3b99ba9d61b207679f8c31616c79d7b01b7e5a84.txt | 0 | 0 | 1 | 1
6a84c369fd4862b419a18dd8c0da0710901da8b7.txt | 0 | 0 | 2 | 0
4ffbe6c9e8881c12f3e619c243a0bc4d0267d0e1.txt | 0 | 0 | 7 | 0
7674841946b61b4a42d81850c85278a6f04c24d7.txt | 0 | 0 | 1 | 0
3d8db7cddb49ad6ca100ff46c1c5b883485c4342.txt | 0 | 0 | 3 | 0
f4570710c18e8c99b9cd6aed6595d77f75484827.txt | 0 | 0 | 1 | 1
2b453bbb16c4d2442c7f9c0af0dc30e8506a2bca.txt | 0 | 0 | 1 | 1
e274f29018065be4e6cfd42ee6d443629664bea8.txt | 0 | 0 | 2 | 0
2f7214002dff9503f33a2f3ec20c36e069dbea2d.txt | 0 | 0 | 1 | 1
2d243f0668939c401654221ad6392f7f6301272c.txt | 0 | 0 | 1 | 1
282bd9f0db06b901bd739a7bd4e70868f105a39b.txt | 0 | 0 | 1 | 0
7d846c835aa957a435358eb34679bd77ea8763ba.txt | 0 | 0 | 1 | 1
0e87b9c163b239edbc7aa7a5f4b94ce7399670b4.txt | 0 | 0 | 3 | 0
a2e4127d4f7be77b4c7ea0428dbe663f0320f949.txt | 0 | 0 | 1 | 0
c0305ecbbb7e036a3a52e543f0f04c891f767115.txt | 0 | 0 | 1 | 0
d2fed8bb0758afd77834cb50f34617f899a347c9.txt | 0 | 0 | 1 | 1
8d63b7458c9c82a5c859b4020918ab4ca951e021.txt | 0 | 0 | 2 | 4
b33944b53f1c136d5b45adee6a972de5a580b77d.txt | 0 | 0 | 4 | 0
3f4c32fcddec094787e356238d48adf9e9a41a7e.txt | 0 | 0 | 4 | 6
e41d42171bfb9cdb1c3edbb119f6e155b08c1618.txt | 0 | 0 | 2 | 2
26da45aa9aa4071c8c0959e3630ab16e770ee79c.txt | 0 | 0 | 2 | 1
6193b640a4ba69ee0ca43faf440a6e34acf3dfaf.txt | 0 | 0 | 1 | 1
d22cd0cc9e85e4d3986dbab16820893f8c791c59.txt | 0 | 0 | 1 | 1
69ea4beb8a08f2232bfbe891bc5c76bca26a2bef.txt | 0 | 0 | 1 | 0
78845fe63a75b01f1e4a7166a356834c0884f8d5.txt | 0 | 0 | 2 | 2
ab6bdc7ae20a4990d20cf39f0ce20d3846e1b739.txt | 0 | 0 | 1 | 0
f5ba9952db59edece1531e4589c4a189721a4be3.txt | 0 | 0 | 1 | 0
fa037610f8406dda28a59de3dbc4d239d9f1cba4.txt | 0 | 0 | 1 | 1
8a5f151e4797d5b5adfcb182c1450f4e78037e58.txt | 0 | 0 | 1 | 0
c6e0c76341817bd678bc7836e2bfea09da238c35.txt | 0 | 0 | 2 | 2
1e0e2e71029fb264c727e2900f3af2a0a50900a6.txt | 0 | 0 | 2 | 1
6ecbd8d21b2581713195b135aa4006b4977209ec.txt | 0 | 0 | 2 | 2
e4895f8fdeca321769b52e0d4359f246b80475c1.txt | 0 | 0 | 1 | 0
d06d202fd095d07ff48a8f7e8c68cd7477f56490.txt | 0 | 0 | 4 | 0
078db8cb74a4c0d24f7b88bd048dedafec848faf.txt | 0 | 0 | 2 | 1
77e350acc05bb3e4f127c513232eac3f55d9300c.txt | 0 | 0 | 1 | 1
ecf393461e7c3f57f54c76234fc1f65c99350b71.txt | 0 | 0 | 1 | 1
9e23206c31c64838db15bc17904e17b5e59d9140.txt | 0 | 0 | 5 | 0
0f75a9a9fe06ad5e2c5ebbba6ba2bae21de9501e.txt | 0 | 0 | 0 | 1
e8fcb0c875f845f140a95454d0895e1c46a8700e.txt | 0 | 0 | 1 | 1
d6b6a5f81f1f4790f45318522c856e9e78f23510.txt | 0 | 0 | 3 | 0
d6977ea89f526f45319fb1f57f8eb679e0f5132a.txt | 0 | 0 | 1 | 1
849baa4c02db43cc8bbcd00b8aed37d359e84bb3.txt | 0 | 0 | 0 | 6
983484f4293040c428b529a5630930afe73683d3.txt | 0 | 0 | 3 | 3
891dd5a0f6c23d11fb876bcceda79690e7c8efa9.txt | 0 | 0 | 1 | 1
5ef136511f35c98ecec7479e754bc369ea7b64d4.txt | 0 | 0 | 1 | 0
fa507005cdf5981499a85ebcd83678d697094cea.txt | 0 | 0 | 0 | 2
80d55c47200642044c44705f930798915b1cf742.txt | 0 | 0 | 1 | 1
fb0fccf3c7e1b1290ef64a1d2c388d788a5a965e.txt | 0 | 0 | 5 | 0
4883a5240a6c6b7d4fd0fca33c1611996e0e2fd8.txt | 0 | 0 | 1 | 1
65e6876025ff9e23cebd6d413cb790fd2cb52677.txt | 0 | 0 | 1 | 0
fd437797b6c44a6dd77bd74d3729838ab7769b35.txt | 0 | 0 | 4 | 0
328e07ebf376bf14a7619b2e892b2a3cc2086ac7.txt | 0 | 0 | 2 | 2
53f67a448f8ef7a47ca5c472c26e1c1a1ef19359.txt | 0 | 0 | 6 | 0
a49901f0dcc96e153114de99cd43a27ed986de12.txt | 0 | 0 | 1 | 1
c2a3ccde3e6828913a8d2b0f0c65b91ffacd00a5.txt | 0 | 0 | 2 | 0
2ad234b605f98384d1a0e901913ffb61592b6484.txt | 0 | 0 | 1 | 1
28f5392787dba92354d652a21cdc62fe3565af4a.txt | 0 | 0 | 1 | 2
6631dd025c11117df2323a069c9ba2e78b84b3f7.txt | 0 | 0 | 0 | 1
7942d9f78765d57097ce4cf36c49feced3525a2b.txt | 0 | 0 | 1 | 1
9a9111af2132ff50afe4aa0704be4bce19cf76fa.txt | 0 | 0 | 0 | 2
c55900b43398764d924a485b1244bfba8444eab9.txt | 0 | 0 | 1 | 0
60b8cb8a47235e874191510bec29050bb9dbded3.txt | 0 | 0 | 0 | 0
2c176a3770507ac275a5ef5e99a08c28ddb104fe.txt | 0 | 0 | 2 | 0
82d99da32a7523f390382ae1bc5de73910bd577f.txt | 0 | 0 | 1 | 1
57a698f388929911aa8891299928d15613a9f411.txt | 0 | 0 | 1 | 1
b205e02e3359f9230f0f3c96cfffe0d5bd7e5932.txt | 0 | 0 | 1 | 1
b148b467515613cca905a091263fd5613b3644ae.txt | 0 | 0 | 1 | 1
dbec81cabef911ab56a2a233cc5e6d70e73f701b.txt | 0 | 0 | 1 | 1
480801656060b5068007edfac14083ef3805625f.txt | 0 | 0 | 1 | 1
acd9b61c8e15fa587e7b6a9d29554d315b591af5.txt | 0 | 0 | 1 | 1
47037d52274b55bb74311f59012c73682bf44a91.txt | 0 | 0 | 1 | 1
bbec4f7cf5f5068de4c890d8e51676f745997e15.txt | 0 | 0 | 2 | 2
97178915a429aeb66fef827ce189a060d5dfb79d.txt | 0 | 0 | 2 | 0
8b20403c410bdd2c313f0cc0fde981b0490e8d51.txt | 0 | 0 | 1 | 1
e9147c2f2073e600a43c4ff3c6a17fbb1fc4971f.txt | 0 | 0 | 0 | 20
b20262c1a712c2defb4cc7bd30368a6b8c394ab6.txt | 0 | 0 | 0 | 2
11b7fd832d15856244bcaf3b1ec031e9eb1b6dc6.txt | 0 | 0 | 2 | 0
083cf50685118e05fe0b8822f9d905a4fadf5350.txt | 0 | 0 | 1 | 1
f09e0264d9195f6c4dacabe07a51836058092dbf.txt | 0 | 0 | 1 | 1
0ef54a79b15dc4d0463fba4ee4eeef2c948059af.txt | 0 | 0 | 3 | 0
0af9d2022a8e9781a312e37377fe574feb29fc7d.txt | 0 | 0 | 1 | 1
fce48c00c78a4201504cdbdaf1b10279c3128021.txt | 0 | 0 | 1 | 1
2377bd9ec940d139e2ea1084f068cc9080fd0e22.txt | 0 | 0 | 1 | 2
728b4887c12a4bb2ef63a7f0a118708ac08f2c0b.txt | 0 | 0 | 1 | 1
2ae4678b1ed780b6f1dd781dc1e31716bffd03f5.txt | 0 | 0 | 0 | 4
07690bab2542299cdb95c8931a7862db72318f8a.txt | 0 | 0 | 1 | 1
de128fed20d7ee7f569e7219ba734ec0ea6de4cd.txt | 0 | 0 | 1 | 1
8f877dcee2450569ef5f2320111e242d63bc3338.txt | 0 | 0 | 1 | 1
98d81110f25693087d4d1a4ae291eb9ac1d85f27.txt | 0 | 0 | 1 | 0
5b9d45b231f6c8485ba31d5a19717561c9102c76.txt | 0 | 0 | 1 | 1
0f738be11477cef24295a2acd5b99119f54fd784.txt | 0 | 0 | 1 | 0
e57c0c0657645d0e38ab1059c7bc39aa082c31f6.txt | 0 | 0 | 1 | 0
0bd69fded820ad5fa2a0c550a5369fc59fba3b5d.txt | 0 | 0 | 1 | 1
2adf30950ec73a967f837a54b17bd7cc764105e8.txt | 0 | 0 | 2 | 2
a7b3a913c2685d36f52559416a81c5bd6b2787ea.txt | 0 | 0 | 3 | 0
3a63241628ea189d9778b07257f069e4f90dd81f.txt | 0 | 0 | 2 | 1
806cf32549d6710751df39807aa9d41134d62e1c.txt | 0 | 0 | 0 | 3
14b7be83259087e42b4a498fb8014b9126b346cf.txt | 0 | 0 | 0 | 1
799ac24da16e1400691ce6f02e55b54375f997d7.txt | 0 | 0 | 1 | 0
ef78cb33b3c267e1261b2053365d2779266f0373.txt | 0 | 0 | 1 | 1
8c67ef10791cfef3d77415fe2d6c0c377ee6af6a.txt | 0 | 0 | 4 | 0
bbbb34a6900b0df4751e0e9a2b18f5c0353d6702.txt | 0 | 0 | 7 | 0
5541b3be43c3d352807cbf577aa0886fdc350364.txt | 0 | 0 | 0 | 1
6f98c63ac03299f7ee873b3b21f7591ea9aff0ea.txt | 0 | 0 | 7 | 0
2ddf322a65390b29799388cd8ed9e1ea517b8ea2.txt | 0 | 0 | 1 | 0
6bac365a72e5748a48de5a5d7b5c28609f9f21a8.txt | 0 | 0 | 1 | 1
c144cae600fc9d8d826e098c28af0e06fb28c530.txt | 0 | 0 | 1 | 1
58c8c4d56a1f2205e03a58a70edc490cea833945.txt | 0 | 0 | 3 | 0
a0e51d06ea2a3aa7a171b996652c6a004d84fafb.txt | 0 | 0 | 2 | 0
f94e8bd28797291ff2974a6de8c04858630323e5.txt | 0 | 0 | 1 | 1
24fd4a1c7fba2175582151ec00c652ea88137c8d.txt | 0 | 0 | 1 | 1
127328a83366b6bb3d88721eae757e171a694445.txt | 0 | 0 | 7 | 0
201fb5e534a7fa7c32460cadf63d254496c2e687.txt | 0 | 0 | 1 | 0
7568af171068b658dc312a7b59fa213e186760ce.txt | 0 | 0 | 1 | 0
5501adc862fdee48f6322a579f98427d4b1431ac.txt | 0 | 0 | 1 | 0
6d9fabf5bc60db59da5d6075d023cf2f065d41cb.txt | 0 | 0 | 1 | 1
03b43225b87da45ed715df639db3213d21768508.txt | 0 | 0 | 3 | 0
142dbb221301485c4cfb4248be81853d79c918ee.txt | 0 | 0 | 5 | 0
fb6b2244707dd5dfad12d62cb6a3c396555270d1.txt | 0 | 0 | 1 | 0
19d8c5e6f649987a54f4d1834de57b6dfb18b969.txt | 0 | 0 | 2 | 2
7410eee34f01da6d04087bf5f058c77ad85818e1.txt | 0 | 0 | 1 | 0
d9f4d6ce912deea0bd064c9bb977bfa7973d5d01.txt | 0 | 0 | 1 | 1
374e02cac8d2cde472f1960ea68a0cd470d5b18e.txt | 0 | 0 | 1 | 2
ec0e9b17add9bef60b2321458a56011f674de406.txt | 0 | 0 | 2 | 1
959e161555a147cac812915b1677abb46e3a860b.txt | 0 | 0 | 1 | 0
bb2864ad02b8f7f2b1a6ae1b7ba6e9e6ea03c807.txt | 0 | 0 | 2 | 1
274098f2e2413034e2538bc937c22180e2deaabe.txt | 0 | 0 | 2 | 2
270809783c43b9c76ea9dda9782cf56ba46bed74.txt | 0 | 0 | 0 | 6
f41801ee8ceef8c610b3f5cb9c0c4b1f5406121d.txt | 0 | 0 | 1 | 1
e87664f295eef687bec87207c37790813c2b52f3.txt | 0 | 0 | 1 | 0
f7221be7c95a093085ca77df68de43fa0dcd886a.txt | 0 | 0 | 1 | 1
e0adacbeae58bb647468ddd6dfa6a8940b749b8b.txt | 0 | 0 | 1 | 1
0fc54b7c5ba3dea522515fc711168ecde4714c58.txt | 0 | 0 | 3 | 0
96a031cf20bf8bb2ea47edf6e60503003fe5f3a7.txt | 0 | 0 | 1 | 1
8bebe6dea9f02ace2d8f8357ec7d0a954488a6c4.txt | 0 | 0 | 2 | 0
99e72664d9eda43c170d339ca7b5c5986f6b8a33.txt | 0 | 0 | 1 | 1
e96f75fdc1053da344348f7be8d32130b24d21c2.txt | 0 | 0 | 2 | 0
2b11ee43896a556d48cc7200c5eb8013a8f3be41.txt | 0 | 0 | 4 | 0
b18751ebd941b75a322717464ba22c8256c6cdc4.txt | 0 | 0 | 1 | 0
9e571a2827708ac5432db43dd1a4548044e749f4.txt | 0 | 0 | 6 | 0
033823f49371ba941f53e1a9d47e9745866246fc.txt | 0 | 0 | 1 | 0
d2198c417d73c0d85185aae80b6fa730cfbb51ec.txt | 0 | 0 | 1 | 0
77a1a3b3c08d8087c0e6ec8d921dac4bf55bf11f.txt | 0 | 0 | 8 | 3
3562026e9a2aa6a970b2acf83bb7632a151a6b97.txt | 0 | 0 | 1 | 1
a8f4708ffb50066a9a1a032d6c5ac65443c7ff0b.txt | 0 | 0 | 1 | 0
03d7c3a7afedc478cac35a87564d255e99b0154d.txt | 0 | 0 | 1 | 1
31874090b8e9b55ff6edfefdaac889a1a5188825.txt | 0 | 0 | 1 | 1
6dd84159f5273ff14b1697f51ab12d03f0027b94.txt | 0 | 0 | 1 | 1
d22c3e2787f6fc32a78eebb8e5d8ea400270df01.txt | 0 | 0 | 1 | 0
eee269464815bc385bd5c07b8ac2799b942c99bf.txt | 0 | 0 | 4 | 0
17c0214cc6aa8b63f4f2ca4058f37f33a33f7fe6.txt | 0 | 0 | 1 | 1
a51fcd071e71527036d55a66a9add932b32fd8d8.txt | 0 | 0 | 2 | 0
39a94428d32cc613966ca394ffdb442ef1fb49c2.txt | 0 | 0 | 2 | 1
bedf2edffa2e839c90e95158fef500b69702dc62.txt | 0 | 0 | 3 | 3
b1ad2c30eb2d88a2bdf6f5486b10c7f17fdf7f8e.txt | 0 | 0 | 2 | 0
54e12a07e6d7d8e38982a7c398ef76a0283e7e8d.txt | 0 | 0 | 1 | 0
4b51b6f9dfc9d59c3ccc8ad4b0b638ee68cda8fa.txt | 0 | 0 | 2 | 0
5a1e66b3d620c49c9e1ad9f0ac4244444c4ea892.txt | 0 | 0 | 1 | 1
05e089601e9838a15cd1d083be76aea276b9df78.txt | 0 | 0 | 0 | 1
63b8e82c10587807ad6a108dbc6dba671b2d6f0e.txt | 0 | 0 | 1 | 0
525f4214419d33e17dd4ad475b5000774f3be7e9.txt | 0 | 0 | 2 | 1
94dd510b52dcdc7779d1e55d03b45be903bd7145.txt | 0 | 0 | 0 | 3
7525eb31f1669fed60dfacb5715f59cc29c98b50.txt | 0 | 0 | 1 | 1
8ae2be6043ec5fa7d8faaac1b66827f2c3c90bf3.txt | 0 | 0 | 2 | 2
ad647ba07334f9d4d1cd5aadd36485826feba48d.txt | 0 | 0 | 1 | 1
f43d6925c59c5572b0849a9c2a7766b1858bd2c7.txt | 0 | 0 | 1 | 0
da88bb47911a0e6dd4e0dbe120805ddcda6c1ca0.txt | 0 | 0 | 3 | 0
b30d4303d584c040e2b6120f546272fbcc83fa4b.txt | 0 | 0 | 1 | 1
e8d39a1539cef97dd88f68c90b76d625bbcd8833.txt | 0 | 0 | 3 | 1
70d92037bda8be428ea7170485e300767f19f9ba.txt | 0 | 0 | 1 | 1
b7847d98a780c14ba9b1eec62b04acff9bf3c97d.txt | 0 | 0 | 5 | 0
7800ebbdc7ab36771ae762a29627e7da69ca1af5.txt | 0 | 0 | 2 | 2
7e3c158f3a34dceb0c27e844ae6fcfd35747a921.txt | 0 | 0 | 4 | 4
c071f34a4a6f54f3521de1e2d46cdd72089807e6.txt | 0 | 0 | 3 | 0
dbe1d9608d8b251a086cc5a9f9c73c797726e70c.txt | 0 | 0 | 2 | 0
25bf4a14cd1cbaa00d5f36d587424ec9dc53fbdc.txt | 0 | 0 | 1 | 1
80b8f19961e39df76538fb252f5e962b834ad09c.txt | 0 | 0 | 1 | 1
43f8a71af41a22e52ab3e14dd34b819fce844f6f.txt | 0 | 0 | 3 | 1
e7cb0be6d83a349b03dcad89287ddbe41f88f443.txt | 0 | 0 | 2 | 2
59a15b259c42973e5ac55c6bc2b3e21fab9165cf.txt | 0 | 0 | 2 | 2
2fe256a8aab135a3548de1482d34aa727dbcea5b.txt | 0 | 0 | 2 | 2
778aa3901615f1dce04a698e1eef81c08be71c68.txt | 0 | 0 | 2 | 0
b6b2fd4ce8a028e459be53cb1d1b73015f9be7d2.txt | 0 | 0 | 3 | 0
18b8929335b3c14d190610a80bef58b2cf5095ca.txt | 0 | 0 | 6 | 3
d089685935a8200a4b1b2676a29707e09526400b.txt | 0 | 0 | 5 | 0
7ad94299d6b7b59c9fa723600b02d818b08c9660.txt | 0 | 0 | 2 | 3
f5b973a242e435987a4cdb1c20d7afff6ddb41c6.txt | 0 | 0 | 1 | 1
b6f9b46be86c7faa66259893efa93f421f42bf3e.txt | 0 | 0 | 1 | 0
67556ba8eaf22a352b03fe197a0c452f695835a6.txt | 0 | 0 | 3 | 3
88d16ddf6b84345f46b3426ec1562017edc8c697.txt | 0 | 0 | 1 | 0
fd6d61e8b4901e398717d59cf6a57eb250368862.txt | 0 | 0 | 4 | 0
3dc932db888d4b8da0a0c47a593e328dfbc28811.txt | 0 | 0 | 3 | 0
c2958c27abb616fad45d97d33eabe4edb4d76f32.txt | 0 | 0 | 3 | 0
0490fbc7f85b1881f038dd9a1bd6240e06b43d1b.txt | 0 | 0 | 0 | 2
62ec8f373aae7313d7dd02548a4bd74d10a75d62.txt | 0 | 0 | 1 | 0
9f75da9a8fff9a7fe8034ffee245a5757b32f8e5.txt | 0 | 0 | 0 | 5
b2ec03cd4e5a8b91945634445d8017b3f7e2a33d.txt | 0 | 0 | 1 | 1
5cdaa4391235f13eaf499a8ab59e9bc96a569c29.txt | 0 | 0 | 3 | 0
42bf594d96601d859da666f74c18fd18d275525c.txt | 0 | 0 | 1 | 1
784372e6b37b22d5955277f0484019a5525014eb.txt | 0 | 0 | 0 | 1
13b45b42c79323453f46da30e1eb34f6291a6b2c.txt | 0 | 0 | 1 | 1
7396ccfe04994c97b45b2e52d49bb0754575118f.txt | 0 | 0 | 1 | 1
6676967cc1f10afc4c368b32400d69435776e406.txt | 0 | 0 | 1 | 1
cbd3c39640a201fb816b035537432ec4eaacbda1.txt | 0 | 0 | 2 | 0
308a5e9360894b9a8a6f6fe42dc9552c23893b2b.txt | 0 | 0 | 1 | 1
9af8fdb8a1564c37ac8d2b088845bc81cc7c3c78.txt | 0 | 0 | 1 | 0
5009933788f5f8c687719de6a697074ff80b1b69.txt | 0 | 0 | 2 | 2
3e5e058b02f1147b29546bc0f4e71ae7a6ba1d48.txt | 0 | 0 | 2 | 1
32dff415c3a189acdf0becce335b7f4d996a9856.txt | 0 | 0 | 1 | 1
d7d77f3d06c520df65d8f7877b4d161619eba746.txt | 0 | 0 | 6 | 0
1b0cf7bd22028e5cbd07039ecb3f409d66a98c6a.txt | 0 | 0 | 1 | 1
34772e4177d5c4019b24daeb0a18c3403b72bf91.txt | 0 | 0 | 2 | 0
49697c7ad76a68d985131b5e9b29c11a70c4729c.txt | 0 | 0 | 1 | 1
59124d07c48e14dd231763a121f05ab577c601bb.txt | 0 | 0 | 1 | 1
07da03457100cf5a087370fd301638483c054c71.txt | 0 | 0 | 1 | 0
239d19d38cf753a25c04f9d6a31f6a5f1900cca3.txt | 0 | 0 | 2 | 0
1ad318d8a6985fe4f7974d46a80112bb03fbc387.txt | 0 | 0 | 2 | 0
9eb71c157a17e00686c38ed8541c9c5156878e38.txt | 0 | 0 | 0 | 1
e05e04014b34f5a82162861217805000ad22d100.txt | 0 | 0 | 0 | 1
5fa0166dea726f502a5d0e454dab2d738712de43.txt | 0 | 0 | 1 | 1
3c535e0de340a718d6cf0d863a6529b314a38f42.txt | 0 | 0 | 3 | 0
a0c696b17b8729b894e318cd9cdef38ecf167be1.txt | 0 | 0 | 2 | 0
e059d0cd5f7dbdb6badb9e46492b1b02afa3e96c.txt | 0 | 0 | 0 | 5
8f102aee6862b92a8e4c5db7a30527db05a2b183.txt | 0 | 0 | 0 | 10
ba552f1d2448c71b888f2cc5ee8c574a5d35d5d2.txt | 0 | 0 | 1 | 1
60f5bb1636c36beb6b86b1ff9fae4786431ea434.txt | 0 | 0 | 0 | 1
74166e770a494219922cd150bbab10239aa65c51.txt | 0 | 0 | 2 | 0
389422938136c880b638140c9a79341a68c79148.txt | 0 | 0 | 3 | 0
98cc68364a89df9b42f54f48337349b287fbe7c5.txt | 0 | 0 | 4 | 0
57fe8b966e874edf9417d4715a4fb994145d0c37.txt | 0 | 0 | 1 | 0
5e8ba5cef63d23a1c1a93a0bad588000ef353992.txt | 0 | 0 | 3 | 3
0c2bc99af373ab9b03ab15b3bb58c57b0c3b56b7.txt | 0 | 0 | 2 | 0
e8085016bafe7091d6e69ddacca1be5cee0cf53d.txt | 0 | 0 | 0 | 0
c4188c8e4a480cd65b080d2738fee099da01fc62.txt | 0 | 0 | 5 | 0
bda9b892b399d0b6b5d385b1d90f6011c09e8ec0.txt | 0 | 0 | 1 | 0
3d30c621620b7475e62cfbef880a730782b84f28.txt | 0 | 0 | 3 | 0
f5445ba5ff39798d830de0a95b3562f58aee906e.txt | 0 | 0 | 0 | 1
af4ca7cf6e1c75001d87d84b758be91cbcfde574.txt | 0 | 0 | 1 | 1
4c359e1a4dc40beb0914027be189c6abf0192544.txt | 0 | 0 | 0 | 0
61f7bd8576a6e4d52976ebb6df067e422b61f806.txt | 0 | 0 | 1 | 1
bdab4aa97eccd347fd0289b44ca0a67283d67f5d.txt | 0 | 0 | 3 | 1
a023f308ed3d367a827da7560d9a1f470447c509.txt | 0 | 0 | 1 | 0
c34cfb27a3a235a43f42988b8a6e8e0be5f44ebf.txt | 0 | 0 | 2 | 2
150a6f0f5c749367db0ffbc8fb4a579a94c62f81.txt | 0 | 0 | 1 | 1
923f286ae2d51a8ab540d49b3fa844ad36814065.txt | 0 | 0 | 0 | 1
2ef318c00d2cba24bf7ed53e917c069ca4e37995.txt | 0 | 0 | 1 | 1
b05ffd1164c24e8e0dcd9159f69532700aebb9a5.txt | 0 | 0 | 1 | 0
5e3cc95ccff09b7d10e176ad355e1c029ecd9d97.txt | 0 | 0 | 2 | 4
342a0535d78948381df8ba93e884841c9f0a9668.txt | 0 | 0 | 7 | 0
58751a43c1fef149f836610316174ac6ab963373.txt | 0 | 0 | 1 | 1
2543ef7072d14456af073bacfaafcf43fd4a147e.txt | 0 | 0 | 1 | 1
474da80b4dc02090c19dc58acebba760161d597b.txt | 0 | 0 | 0 | 1
eb3180d581ae372d073c18d6c3d34cc47a2139c8.txt | 0 | 0 | 2 | 0
3cf54884d8782e11f74db864874741cc0b742ba9.txt | 0 | 0 | 1 | 1
4b55144d80388e43999201ff1b071bbf5b1b8884.txt | 0 | 0 | 1 | 1
c9df1c551a56ac4344974d63f67c60f7608f6afc.txt | 0 | 0 | 2 | 0
de0c065625d370cf6e1224d62111a764523b814e.txt | 0 | 0 | 2 | 2
571a82fe9016a0d5bea13814927bfec0b6f237a1.txt | 0 | 0 | 4 | 4
c5595f296c1cdbb566a8464f41b5e9a74da8431f.txt | 0 | 0 | 2 | 0
3a4f1f6f39380a0624e50a7d64b034dd2ef4b363.txt | 0 | 0 | 3 | 0
8791b696f83161c5a268933fe279769ba25bbd94.txt | 0 | 0 | 3 | 1
0def7644c2eaefc73328f257d5f53bbf615de397.txt | 0 | 0 | 1 | 0
efff4a005194298525fe4f8eafc5168a2304611f.txt | 0 | 0 | 2 | 2
8bcea0d8cccc30f202a49c02ad4638244748eb97.txt | 0 | 0 | 1 | 1
3536fc68f507b113c04e9eb5df6dd7c192e06a86.txt | 0 | 0 | 3 | 0
2a5a32b6038355ac2669f8a73c9b3413176a17f9.txt | 0 | 0 | 6 | 0
de1a26cf35b260fdf1133742cce00e64d31d033f.txt | 0 | 0 | 5 | 0
97dc2165b7e39d3221b431e993e13d18a2606a3b.txt | 0 | 0 | 1 | 1
8365d535545b5683955a54eebaffbc3c7ffbcdda.txt | 0 | 0 | 2 | 0
5f3c2bef507c403adb0aeb6c2db072b13ab7d577.txt | 0 | 0 | 1 | 0
21b815aabd24edebaf830da061bae8c5437c421b.txt | 0 | 0 | 2 | 2
21536f64e1f2ababb0e83478b3d961b89956267a.txt | 0 | 0 | 1 | 1
9f07e944500df6a86b32ed8cec1f5486cb0c8680.txt | 0 | 0 | 2 | 0
00fc04c01ee16d159f941ff68320fb3ffff5b359.txt | 0 | 0 | 1 | 1
6b83e0ad5de5f127cad5b12ab1738923c4a58a9f.txt | 0 | 0 | 1 | 1
9f858e759c2bd69018b54e378b2dc982dcebea2c.txt | 0 | 0 | 3 | 0
2098e23fca3858e218f055373665fb1cf2188fdc.txt | 0 | 0 | 0 | 1
ff9f5fd1c71d257f049e6aac504fe1cef360589e.txt | 0 | 0 | 1 | 1
27c1b5eb4c1310fd11c3865394747d3a769abe4d.txt | 0 | 0 | 1 | 0
2a592103f0e39878ab27bcb9f6ecafdfb0184f22.txt | 0 | 0 | 4 | 4
5ef93640855f1fddd8422feb2edc403c54a5c8dd.txt | 0 | 0 | 1 | 1
c27b63b3544540c50397688a698cfde9f51dcdb1.txt | 0 | 0 | 2 | 0
6c4ee0b05d67aa65c2cfe5b20c6509d2a8fc58ec.txt | 0 | 0 | 5 | 1
82320b3525c5f5686a50da62f4ecb8629296343e.txt | 0 | 0 | 1 | 1
2894e57146fcb6a4a7d5459c116f0f21a85fb77d.txt | 0 | 0 | 6 | 6
abd35f041b419d27c791498283326d9b730806b1.txt | 0 | 0 | 3 | 0
0bf025af7b4e801d4c3b38fdcc26cff1648de687.txt | 0 | 0 | 3 | 1
630c1456457f0a108cb243b7e92532e204f9b88e.txt | 0 | 0 | 1 | 0
2b54b6286f5fc5ffb1b9b83c9aad4f44402fdd62.txt | 0 | 0 | 0 | 0
ad4ce9cf5715cda70ce5da0b78ebb27f77298f63.txt | 0 | 0 | 0 | 3
3c28622ebc81444974859685b14a663697612e23.txt | 0 | 0 | 0 | 1
2003c5e1aebc29baf7142b9eb58b8bc254932449.txt | 0 | 0 | 1 | 1
0c2ecb7ba0a5c2c885476a06dbd1908e1d846b03.txt | 0 | 0 | 1 | 0
53d25999f388ee0322a7b2b92e737bb5dd2e7d92.txt | 0 | 0 | 2 | 2
11149443e3677ac3164ce13528ce09c3e4d9c07e.txt | 0 | 0 | 1 | 0
9a8c182d198e8e339aa6b775ab5ee9bcf1612aec.txt | 0 | 0 | 1 | 2
20ff0d97e488ab1d59d97e3ffffc17e3b7677014.txt | 0 | 0 | 3 | 0
3e60ec6cb4f3c4129c5ebb623365fb6ebbaec8c2.txt | 0 | 0 | 1 | 4
f7d1aab9f39033a105aa9bbd18ab63a2fbc4fc80.txt | 0 | 0 | 1 | 1
a8d099f6b8fedfeab622b9d4be3230bc842d0b3b.txt | 0 | 0 | 0 | 1
a7acbbd625cf0a2265ce716b29e5f285b86f1848.txt | 0 | 0 | 1 | 0
8cae0314417744e42be3dddcd938e4c4337022a8.txt | 0 | 0 | 0 | 3
f2e77e46cd12a9eb5a7d701cb4612bdd41c613b0.txt | 0 | 0 | 1 | 1
46021928baa4dbb7f7cd4d5349e77324bcffc0f8.txt | 0 | 0 | 6 | 0
296dc7132b8e444df0e6173740fa6bba5a5f1bd1.txt | 0 | 0 | 6 | 0
e72506c35368c412ad020ab4d15f8f32798c50d1.txt | 0 | 0 | 2 | 0
a7ea0f643a203eb15174a2ab7ea2beccd8d92328.txt | 0 | 0 | 1 | 1
a08b09563bb8d01d6d9dae492a95b32327cce78d.txt | 0 | 0 | 6 | 0
568cd6472b7b6c639f189c2864c13c3be2f61a13.txt | 0 | 0 | 4 | 0
bf89c8ee464f588bf6274105e480aca87ff1aaef.txt | 0 | 0 | 0 | 1
af320b49bfc26f994fdf2a004aa663198c100ecc.txt | 0 | 0 | 1 | 1
47cd9e0765ab41320d7e57e1c3e3855e47278bcd.txt | 0 | 0 | 2 | 0
14d52b6c1819c16db3e76c2634a5aba6aaa139a5.txt | 0 | 0 | 1 | 0
5548b24c4cd7e4c6054af4326d7f6622271bbe74.txt | 0 | 0 | 2 | 0
bb72a4abe11dc381b8bc01dec837460e294ca2b3.txt | 0 | 0 | 1 | 0
c2e5fd031ade3b6ccbfdc5255308fe42338ccc86.txt | 0 | 0 | 1 | 1
d8247657a08a33741fe8de109684c0cf3da53dc3.txt | 0 | 0 | 4 | 0
c4daff72250a8f301ee602f4fbff558abdbc9629.txt | 0 | 0 | 2 | 2
6abd18ae9630577864a2a130d7d903657bbc1fb7.txt | 0 | 0 | 2 | 0
71362299aee1068d62f730b6f391602849f0774b.txt | 0 | 0 | 1 | 1
19e211a1c2baa7a0488d10b00f9dcb9024b156bb.txt | 0 | 0 | 3 | 0
f647f5689feef16aa09980d62fb186c3abadd5bd.txt | 0 | 0 | 1 | 1
ae7098ae1d8ed13bed52f67f30612e7ecf39d618.txt | 0 | 0 | 3 | 0
e011312c68ef43e615e475874b8cd4ded3b32a04.txt | 0 | 0 | 0 | 3
b450fece2e592618a6ab2287039c9d2b60307435.txt | 0 | 0 | 4 | 0
640b9d2680739915e2eb87d5d468bdd0c621832a.txt | 0 | 0 | 4 | 0
157c0b6caeffbe6daf06d909b1cf99c12adbed5d.txt | 0 | 0 | 4 | 0
b2250f4ad8143b5a7dd6ee20f878f0a636b63798.txt | 0 | 0 | 4 | 0
bcb13bea635376f0a7541ddce8e8d607a353f2ec.txt | 0 | 0 | 5 | 0
ff35d14170ea8f1654707c636169f6e002e7afef.txt | 0 | 0 | 0 | 1
06cb4fcca58d2c05860046b7b878c1bb45b3ffab.txt | 0 | 0 | 2 | 0
ce9626d00fcaf12621278ac0a008813f61cbbff3.txt | 0 | 0 | 1 | 1
db060c847dde64a43e72ca432a7d071ec1754d13.txt | 0 | 0 | 2 | 2
cc0fc07c0ec4ea6034458dd9b2e748d56054f391.txt | 0 | 0 | 1 | 1
81d56355715a58b511257eb79a3059477652138e.txt | 0 | 0 | 2 | 0
af8e155c6d8027e048fa7fed429076172ce8995e.txt | 0 | 0 | 1 | 1
bbe555a4f57b0b41598b344eb6a488b3be28a0f1.txt | 0 | 0 | 5 | 0
2729c747ca715b5b4ebdb39afba37fa8044d86dd.txt | 0 | 0 | 5 | 0
fd5c43cdc97a3b17234a139b566a96eabd282639.txt | 0 | 0 | 1 | 2
aa2b020660fae78b0db90f9fbcd2fed9d3311c16.txt | 0 | 0 | 8 | 1
8e0a94f1d708ba614e06b8e52cfb2f7d14ea94de.txt | 0 | 0 | 2 | 0
65b6d8f4f7b695afecc484ac04544b44107a9984.txt | 0 | 0 | 1 | 0
4a6e66fe8bbd74f0526dce04d3bdbfcbe8e42bdd.txt | 0 | 0 | 1 | 1
decaacddce9a0e46b9196af1693500112e5cc66e.txt | 0 | 0 | 7 | 2
7054a33e70826b8d88e46494b332171df761f5fd.txt | 0 | 0 | 2 | 0
7e97495cdf4dafd9f517c54c9087b3ca60e35d00.txt | 0 | 0 | 3 | 0
08d8cb8efd77b7e14735074a2cd213146475275a.txt | 0 | 0 | 2 | 0
6528062a492ad4a8242e2ddc18c5cd16745ca0e9.txt | 0 | 0 | 1 | 0
d42256d856603cc922c2100700fd0bf45d402a94.txt | 0 | 0 | 5 | 0
c024dc836a486748a7a8e43db72cea00a46ebc32.txt | 0 | 0 | 10 | 4
52e0193d9534e4b20d386b9adff9d5c944151685.txt | 0 | 0 | 1 | 1
0bb4de490d80cb305bdfdd55e6ae88a37e096ada.txt | 0 | 0 | 1 | 1
bcae284dd9343be846d7e13ef4792afb0aedbf54.txt | 0 | 0 | 1 | 1
f81f50c11977407eef3cbe06d5e2ddb554e73474.txt | 0 | 0 | 1 | 0
a80ada64c3735155ecd46ba78f7f38359e456a0b.txt | 0 | 0 | 4 | 4
1cbef022360a88f8cd45b838c2d615a8450465f9.txt | 0 | 0 | 2 | 0
e90c8548a21644738d9195636d16037b048ba3e2.txt | 0 | 0 | 1 | 1
261955c50b8fb44311324d2188bf6e3f92237e0c.txt | 0 | 0 | 2 | 0
59d3a79c82762b1d32684cbee664257f3004ea47.txt | 0 | 0 | 1 | 0
7e3cb50a22eb0e782226d831ec09c223f757f72c.txt | 0 | 0 | 3 | 3
26df55761d8483438d8d5a47d9c57c3b3642a73d.txt | 0 | 0 | 8 | 7
bd02edf2ce749b70dcc45563bbeec2ab503d875c.txt | 0 | 0 | 1 | 0
c501b889af0483b1c73c6ea0a5793c729ab4d6bd.txt | 0 | 0 | 2 | 0
476fe6ed17b4a7d8e6d0fc1f2b64387b2b354d4f.txt | 0 | 0 | 1 | 1
d8d5950e99dc94e653f8775e3ad9fa7af883f22e.txt | 0 | 0 | 1 | 1
2a035d074899fe75ff64e9d0ece7116f2cd51d38.txt | 0 | 0 | 0 | 10
48bc29c77ac6de48bf1cf3c8706aef24e18a876d.txt | 0 | 0 | 7 | 0
9d3ba14686deaf66291468457a02b4cc541b23d9.txt | 0 | 0 | 1 | 0
2c61064d93f8f429977a7c311fd606e3f584e0d2.txt | 0 | 0 | 1 | 1
5d7101fb5a2decd408d9b54b0bdafa37f9dfedbe.txt | 0 | 0 | 1 | 0
f84df423e8dc59e9dce68def4d0494939ed2d328.txt | 0 | 0 | 1 | 0
435c47925ec80f4f98e488400d79889eeedab8e3.txt | 0 | 0 | 1 | 1
8219f2be4c0607fcace370c1de685f953dcecb4b.txt | 0 | 0 | 3 | 0
d205d9404af309af2ae60f1838dda97030b3ee6b.txt | 0 | 0 | 2 | 0
7a4e061de599280327f32dcd43f3e0fc8ed29be2.txt | 0 | 0 | 3 | 1
b5c435f8c450cd0a26b86826e802d98c73fd9b42.txt | 0 | 0 | 4 | 4
63a2d06767f671a1ea3202942f12ab41190dfc45.txt | 0 | 0 | 1 | 0
357d072a60234557509d894b548270536fba22be.txt | 0 | 0 | 1 | 1
ac2b0093c7ee5a6cd04fd29e14595855ef2c1f9e.txt | 0 | 0 | 1 | 0
e84477cfe234068856bcdde3b76ff6b93b367aed.txt | 0 | 0 | 1 | 0
e08ddbf838a54e589c07e2be36153a3f330f9550.txt | 0 | 0 | 1 | 2
6ad01a6dfc08272a5270fe34e6fb36a808f64e94.txt | 0 | 0 | 1 | 1
a5c56ca4820c0fdeac3978b4bcc335a005628276.txt | 0 | 0 | 1 | 0
f78c9574d8058a3ac8203ce3d649a59b96266581.txt | 0 | 0 | 1 | 1
28cb13c31d3a33c5c728d8db0aa525f16e9330f8.txt | 0 | 0 | 3 | 1
b3ce079ea1455e50c5ced49e10954964150b18f5.txt | 0 | 0 | 1 | 1
851ce2286f4a85ca1d1da59472f02a07bd0daf17.txt | 0 | 0 | 1 | 0
cec6015f8aee96aebcc68b2ecb85f2cabebd00c0.txt | 0 | 0 | 2 | 2
9e9548364504dc6508820919461d38104e4ee982.txt | 0 | 0 | 8 | 0
a256602c7b226d03bb51af16a0c5b15dfc8c191c.txt | 0 | 0 | 1 | 1
77eaa9b24e99e023784329a5acb45f49aadf1caf.txt | 0 | 0 | 1 | 1
5d05347e6156a967003cb2225585208a9dfb77c4.txt | 0 | 0 | 3 | 0
3b858edfa9edb2a439aeeebbcf8f460c31d3f888.txt | 0 | 0 | 2 | 0
edffabeee431d5c50ceb1e400739b8a7c7098e80.txt | 0 | 0 | 1 | 1
7e2d0fd1c010f4a7485682e99ef9760d6536c9c0.txt | 0 | 0 | 1 | 1
bd2cc6f48bd89c1847a0ac44c8496f85c50b40e1.txt | 0 | 0 | 1 | 0
4c446c38a638d8008c159ae470d58eb2c6efae52.txt | 0 | 0 | 1 | 0
a94f3a0cbf58e9fa1e02007d96c4f8e6fd1aca7e.txt | 0 | 0 | 1 | 1
68e33b25c1cba2ef993f0115727b9eb5bf38779e.txt | 0 | 0 | 2 | 0
5776d6a8d71feb2cdfd706262f8eb3c8e0a766a6.txt | 0 | 0 | 1 | 0
9dec27e7bf921a0d5ad3b1d64486a4bff92c1df0.txt | 0 | 0 | 1 | 0
6902f2ac97e49bb061dd89d7bc15e70ac454a625.txt | 0 | 0 | 0 | 1
f22744c748665b11cb25182325e549a574d0632d.txt | 0 | 0 | 3 | 2
45c8eca4f26805d2720c9bd3594a33a40015b619.txt | 0 | 0 | 1 | 0
7490d8b99d9c6ebd9a183f56d1b812b2da6ae757.txt | 0 | 0 | 1 | 0
2c4afb3bd81f59c29863ffeae51024b6e7f4d575.txt | 0 | 0 | 2 | 0
33dd9d6d841c74c3e2271360802154013371d8a7.txt | 0 | 0 | 0 | 3
58db5a3889a9335b36c4902690615104731c6be1.txt | 0 | 0 | 3 | 5
b780e5247c049902c5cda8b2c94dc74a69bb3984.txt | 0 | 0 | 0 | 3
6825a7b42ec43ae5d5443380d191b5f58ad316e8.txt | 0 | 0 | 1 | 1
54c0cf513bbb1871a058f281cee7d993bb77258d.txt | 0 | 0 | 1 | 1
109c3a343963ed4c861d775ce571d49c5b0639f2.txt | 0 | 0 | 3 | 0
34a32991fa19ba65127d41389216f9e1abab5641.txt | 0 | 0 | 1 | 1
e433eb20a6135f8f53be461badd22c68d13cd080.txt | 0 | 0 | 2 | 3
2c89d9918f96aab191c32d9c09676682d848e5b5.txt | 0 | 0 | 1 | 0
db05637e064bca4248f18a5a63662936b85e718b.txt | 0 | 0 | 2 | 1
80543250a2a4fa2f35a83b6f4dcbac958db61a1f.txt | 0 | 0 | 2 | 0
219317e8c772ffefd48f9a79045c7fb574565c46.txt | 0 | 0 | 1 | 1
656b509f0329a37701755c633268f0c68160d912.txt | 0 | 0 | 2 | 0
4293b7b79709a1c54b4b8c226fb13cc6f3bebadb.txt | 0 | 0 | 1 | 1
c4592e7df8afbb98dd59a570ad956c4ffea2e56b.txt | 0 | 0 | 0 | 1
01272fa0cc9d51ed93f9b6c76af141adfff2f8ff.txt | 0 | 0 | 3 | 3
4b9f14f55b8252fee70e00617979de0bf06737c5.txt | 0 | 0 | 3 | 0
f34aa6f4d859d67df9533adf5e5e82223f9d75cd.txt | 0 | 0 | 1 | 2
b45bb6d082b3a18b47eb14ec81350a6d83122566.txt | 0 | 0 | 1 | 1
b69455648358d54cefbc0000fb9d138f584128c0.txt | 0 | 0 | 1 | 1
2fa0539e7f7bf93505f67303955cc7da6f9f5846.txt | 0 | 0 | 0 | 1
270ee6dd2c835f8c2cf9d61bcea8934acdf814ee.txt | 0 | 0 | 1 | 0
b7c0e3279e8f6cf539601a18f9b86b2a72db8cdc.txt | 0 | 0 | 1 | 1
a276356328932352935c54ec026ddea058179e95.txt | 0 | 0 | 2 | 1
c5cc626d48d7167095f37b3ba938bf9a6167a734.txt | 0 | 0 | 0 | 11
d0cf6b534bf55b718ea8bf0f2e311a974f523e1b.txt | 0 | 0 | 1 | 0
1de2316a0b4c2d5896c34b954208a4c550466f22.txt | 0 | 0 | 1 | 1
81cd11b4ecb33cf16d6b7b5a1d6048011f84e9be.txt | 0 | 0 | 2 | 2
25520a9e32d57fc0c5e8cec01b832363e3b7d43c.txt | 0 | 0 | 1 | 1
4e71981f779cf8c2841f8b5d3ed3124f7006b440.txt | 0 | 0 | 2 | 0
2852f7422e765f942737906c82c740543cd2e549.txt | 0 | 0 | 1 | 1
0cdb1d3f22307b84887797a0f059ee0c9357716e.txt | 0 | 0 | 1 | 0
11a093bdc08fa94dd7d380faa4f97731ad1faa6a.txt | 0 | 0 | 1 | 1
598e9bb842d02aba092e290045bd53d280bddbe0.txt | 0 | 0 | 2 | 2
833b13bbbc6a93747dc5f6f39ffc57dd7d9c7083.txt | 0 | 0 | 3 | 0
f0693989f1abdab3705b16b35ac5414f08dccd67.txt | 0 | 0 | 1 | 1
2d2aa96c0545e301b3a613ffd36ccf7133b09729.txt | 0 | 0 | 1 | 0
0498617411811c16ae99890d185023e8fb348188.txt | 0 | 0 | 2 | 0
30087cf6b93268e2279cc33f2c7fa7b0545332de.txt | 0 | 0 | 1 | 0
30ac768cbfca5d6aaa3719028033c792da789853.txt | 0 | 0 | 1 | 0
bdf7663a9a9d76b6f1e192a5b73ba035d5283d68.txt | 0 | 0 | 3 | 0
d6718025e622cc34951079b7ea65231a7c3b0456.txt | 0 | 0 | 1 | 0
bbc91cc03f5df31c1985811d07abe4f9a906355e.txt | 0 | 0 | 6 | 0
230048ae8b49442cdaa1d3ea6f1034ce518995af.txt | 0 | 0 | 7 | 0
fe1f344ae889ad5f291f2943426d7f5190d27a32.txt | 0 | 0 | 2 | 0
76f1ca4188c192d5cbf65ef441ae0685a5088092.txt | 0 | 0 | 3 | 0
1bd65c7487765babf5488fde6beac26c079f6edf.txt | 0 | 0 | 1 | 0
18ee229748422bfc23c357ebe9db25831bc6c4d8.txt | 0 | 0 | 1 | 0
7f420d1268ea4a8ef717910a0c8e35368609f2dd.txt | 0 | 0 | 0 | 1
7c8bf48ebb3c2284ce63b4f057a56b178e836b0d.txt | 0 | 0 | 1 | 1
3f14bdc01d2486a15c3daedd4e27c1a460c1e243.txt | 0 | 0 | 1 | 1
83f842a22617ff216ec247104567675aa5f9e38b.txt | 0 | 0 | 5 | 4
4563da9ac7072e4bfba6bd8abe83c4eb1c61e8f6.txt | 0 | 0 | 5 | 2
95109381203944c6b15bc74fe7952fb116ce08fc.txt | 0 | 0 | 1 | 1
b2c3e7e2ed5def3d4e3ddd74b7b14fa16272b2bf.txt | 0 | 0 | 1 | 1
c8a48914417bc84a88bde2f0f0c9d11c61bc5ff4.txt | 0 | 0 | 1 | 1
5a69bb92677e7ccfa250a8a6edd951a8961c6137.txt | 0 | 0 | 7 | 0
65d6757a10ad03e6e6704f6440342f79ea3945ae.txt | 0 | 0 | 0 | 1
22208f6a9e729916b601fbbe10d549d39c0926c5.txt | 0 | 0 | 3 | 0
3942ba2e684881abd21332aabed5e0cfd9493cd4.txt | 0 | 0 | 1 | 1
5c11d273cc534dd64a90d97f671f877ff74bafec.txt | 0 | 0 | 0 | 3
9b6f0c83bf684dcb2b78c4247cde0436a2495c00.txt | 0 | 0 | 2 | 0
51f240c1d56e173ce2153cb26a29f2738045ec26.txt | 0 | 0 | 2 | 0
451acb5679dd95e19bd3b9e7318ee09082956a37.txt | 0 | 0 | 0 | 1
40ffe4169b18304e4c04bdf3db6f09d74aef405f.txt | 0 | 0 | 2 | 0
4990b52b721913d9566e7cafd3bf7a6a196e23f1.txt | 0 | 0 | 6 | 0
4b1c58d736eb47f2a56ca2c7d04298a66c740f94.txt | 0 | 0 | 1 | 0
1f922f49b0be938664777e18ee37504acaf61613.txt | 0 | 0 | 5 | 5
7e548b5bd454426eae988ed185d25444f5d36bc5.txt | 0 | 0 | 2 | 0
2de48a35ab56022aa29b042fd5baea207a9580b3.txt | 0 | 0 | 0 | 2
d8de8752ea4443f749c9c0d1d9876488e6dd4c5f.txt | 0 | 0 | 1 | 1
c46478f97d4d8261482d013714382edacebead09.txt | 0 | 0 | 1 | 1
6ed69709d7d34087a7a37c97840081619fe14571.txt | 0 | 0 | 2 | 0
735b6277c29c8d70d8369293170b378f163704e0.txt | 0 | 0 | 1 | 1
d1dcb015b67e0f80a0bbb8c32f4867cdd1d5137d.txt | 0 | 0 | 1 | 0
8e6f1218e15ebc25a985ef86cd608593318ba721.txt | 0 | 0 | 3 | 2
75a1a2491453ae609749fb46dfff7aea64b1e927.txt | 0 | 0 | 2 | 4
efb699de608fa53a41fdf98229348d9c6e3cea47.txt | 0 | 0 | 1 | 3
0b70710bbc42a1576ae3309c45f4676a93d6c60c.txt | 0 | 0 | 1 | 0
beaa49a2d69a8be3cec2e690b0555c22d23df3b0.txt | 0 | 0 | 3 | 0
275d7945535a3a13fefc061615e4210ce687a75e.txt | 0 | 0 | 2 | 0
3fbf1a2ea618cf50d350a975b2771494bfdb17c9.txt | 0 | 0 | 3 | 0
06017f688aa37f4317e10968ff6b4e4432ada2ca.txt | 0 | 0 | 1 | 1
8b61d151206705d3d37910d4544b25a6ff60dcac.txt | 0 | 0 | 0 | 1
1a0902b32a83c1c0a5414871e8cbe263d84c5b4f.txt | 0 | 0 | 1 | 0
09b690b3c96d8f4651718fbf07777f66fa8d50b0.txt | 0 | 0 | 1 | 0
ccc5e65779ef935acd2eb0b024dfca0064cade45.txt | 0 | 0 | 3 | 0
d69e43b43303c67f0f7c1a3a482e182adbe0218a.txt | 0 | 0 | 3 | 0
aca47ab67e2af226c4e9dfe9e611d05c08bd3dad.txt | 0 | 0 | 1 | 0
29cb21c3223503170a342e3d9a1a3f6ed773fe96.txt | 0 | 0 | 1 | 0
7e77e648bfea11aafa5a28f33b7fc921d202bdd2.txt | 0 | 0 | 2 | 0
e2453a17c7b87a827d87ae6ea63da74ed6f0b992.txt | 0 | 0 | 4 | 0
9094706f6a113a7ae7fdf15fba9571489db87d17.txt | 0 | 0 | 1 | 1
212520fa15f71a65c80b3c3cef928e01438a20f4.txt | 0 | 0 | 1 | 0
5801e422cf6d011a405ca174cbe3b704637bb395.txt | 0 | 0 | 4 | 0
504d96eb51e3df5c191ad126e0bb6c7578bac8c1.txt | 0 | 0 | 2 | 0
41cbbeba79c80bee5dfae8a2d9c25cc99d68d1d9.txt | 0 | 0 | 4 | 0
795303d6676c163af899e87364846d9763055cf8.txt | 0 | 0 | 6 | 6
840fdeb50ffce95574a3f291dccae934c0e9119c.txt | 0 | 0 | 1 | 1
89c284cb13fab2025a3387b87b61554e0e5f8e26.txt | 0 | 0 | 3 | 3
b6b92ba937e3a5aa86ae3ae1b4f45ea25824f05f.txt | 0 | 0 | 1 | 0
6741f05af10295048150eeb53fa00355c9036661.txt | 0 | 0 | 1 | 2
68b55adac044e2f21a13a46315bdcf13013ede61.txt | 0 | 0 | 1 | 1
6e84ae6474edf066760858bc3ff849b6a9552438.txt | 0 | 0 | 1 | 0
c4cfc4dd0c773ed12c58d074a55917dfc3443703.txt | 0 | 0 | 2 | 0
ce3aafa7a9d24a3998c6cb177f11943ee7c95624.txt | 0 | 0 | 1 | 0
8f3c4dbc645f7edb55105eab3a9b996532daada2.txt | 0 | 0 | 1 | 0
61a94f212de001a323e7eb7de3a19709412752c9.txt | 0 | 0 | 2 | 0
cf4df1befb9dd562d8a9a2ffd51fa7d136e56e9f.txt | 0 | 0 | 1 | 0
3464c0b16e44e362b76d437c63e1c30f2441c03d.txt | 0 | 0 | 1 | 0
f006b1231c6bfbae9286a062d4b4629a385cd166.txt | 0 | 0 | 4 | 0
91b4dc2f69561d4b5f56243d29084c12f92dad13.txt | 0 | 0 | 1 | 1
623fcfeff1d202ed4990b3e15da088a0023fc0c7.txt | 0 | 0 | 2 | 2
43345b36e6f157368e96e173e253d24bae63ff2c.txt | 0 | 0 | 0 | 1
f9816ead93f45a1932713f03ba0edde497a8a3cd.txt | 0 | 0 | 1 | 0
74e9e0749bcd54053a6a4afc534209060a3ae294.txt | 0 | 0 | 14 | 0
75937f5b5c1450b6f7af1211d52f9e9787df6f70.txt | 0 | 0 | 1 | 0
9bbde5b340eb2b43e4528cb96ee70b40951d4da1.txt | 0 | 0 | 2 | 1
d260fa645644e67e0bdfe38f3091a68a2c618e79.txt | 0 | 0 | 2 | 2
58c8c2ccdcbb77bce6f24dc84bcd5e0b9e30a0ee.txt | 0 | 0 | 3 | 0
fdccd8aaa79be143943a5cb5a412d19605fb03ad.txt | 0 | 0 | 2 | 2
8c347fc99be62e0f8ce6413d0e830f901bc1e97b.txt | 0 | 0 | 0 | 3
207347e1508555f0f4e47607b09a64a241120f17.txt | 0 | 0 | 2 | 1
95be208f0ff1f463db9cba22f361b2150c738382.txt | 0 | 0 | 0 | 1
cf05a5d57824a0ce00839be6b7eab3e89b3d6bd1.txt | 0 | 0 | 2 | 1
b8b948d3665f9888c44790071c1c310261a6150b.txt | 0 | 0 | 1 | 1
34d87df42515a8789c4588aaf756f45bcd848769.txt | 0 | 0 | 1 | 1
7cd19822c6de99e835bcaff1307f104e863da265.txt | 0 | 0 | 3 | 2
e17eab6430469bbf8aa1a97846864b214da6b9c0.txt | 0 | 0 | 1 | 0
32818515b7b18840aad69985a0fe81d8cd649138.txt | 0 | 0 | 1 | 0
f3a225f35f40917c43f77dc40437fdca711d6f43.txt | 0 | 0 | 2 | 0
cf201ffd80c65f473a5ef0cf716bbf26c0de46b0.txt | 0 | 0 | 1 | 0
c7c685f65fcf5cfa4219060a71ad6f654c187a96.txt | 0 | 0 | 1 | 0
1dab83adaa16ddcf83126f5d52bed3619dd7f6f8.txt | 0 | 0 | 1 | 1
4a60e3ccf6a7d91a6eeff61d07a478678832be26.txt | 0 | 0 | 1 | 0
59692cd93832df444942594efef2059630c9536f.txt | 0 | 0 | 1 | 1
441dd2bc1691802931e0e6ea4cb362d27a0da366.txt | 0 | 0 | 1 | 1
de007840a8908f3089f0644ef0a6e93c8a7e56fc.txt | 0 | 0 | 2 | 0
809a5a711fd8784081554e187f4294054e6165e3.txt | 0 | 0 | 5 | 0
8c140092b66be7ac6b5433b8fcb6beedd36dbb73.txt | 0 | 0 | 1 | 1
71946f9d83bea2eae1197629c7cc7ca8f0c72435.txt | 0 | 0 | 1 | 1
7fc12bc8a348153c13e465a542302f2c47cc996e.txt | 0 | 0 | 1 | 1
2b7bf3e73359e0b5d7e31b899f638df2c9d30c43.txt | 0 | 0 | 1 | 1
b875a00ebd15fbfcd9e72bffc9ca75f0c635da24.txt | 0 | 0 | 1 | 0
8a7609f9409e151356106d7c038e6068cf284882.txt | 0 | 0 | 1 | 2
eb10275f5a3734b718ec018d8d5f4cdc1152008c.txt | 0 | 0 | 9 | 4
c68ffa5ba059781ab2c0fb21eed7a541036e837d.txt | 0 | 0 | 3 | 0
0d53b9d9fa6f1b1d0d038e73f19ccc312e5ce9d7.txt | 0 | 0 | 3 | 0
ddeae9b58e777f32784bd6fb9c048c451d18dc64.txt | 0 | 0 | 1 | 0
54781c73b5fed3a4f8dfa5f7e2f6cb3cc85311ba.txt | 0 | 0 | 1 | 1
2f1e4f0c026f2b7c25a033c8af0fb3713b2fc30c.txt | 0 | 0 | 2 | 0
ee3de15e37e3d7c61485c5823615ba83fef14a83.txt | 0 | 0 | 5 | 0
ed6fbc6bece347cace2862a4b66935bf5769ca16.txt | 0 | 1 | 0 | 2
1da918f388cf0613ec6a84cb3b90ad4e16852915.txt | 0 | 0 | 1 | 1
8317977e1bf7430c95c9b42b39006f35b6454960.txt | 0 | 0 | 4 | 0
49f21a22647a0e328e145d453f4cc2ef3c73e247.txt | 0 | 0 | 0 | 1
9c733128ac942ac4675b27d2d358afa941fea5fd.txt | 0 | 0 | 4 | 2
deaa6089b0019da0f4ada042da91c857c46d1551.txt | 0 | 0 | 2 | 2
bf0629522ca3f33222b454dfa020f75eac1a2d09.txt | 0 | 0 | 1 | 0
65025d8dab7635ddc8f7f2ac48f04ef9ad2b71d2.txt | 0 | 0 | 1 | 1
308a5eaff5d3d2ee53b18d456dea7b3d36429bc6.txt | 0 | 0 | 1 | 0
64a5cad09a7a37514d4290bf567539a7e1d7c80b.txt | 0 | 0 | 3 | 1
cb7cc3991baa2685825966dc0278685b4bc46d0b.txt | 0 | 0 | 1 | 0
bd719c1330e2dde9e5465133520873345c1f437d.txt | 0 | 0 | 1 | 0
7857dd2d7230ab48c53e8648c23647e3b793b895.txt | 0 | 0 | 1 | 1
6eddf1b372dd8ef87499ec381d05458adeff8577.txt | 0 | 0 | 6 | 2
5127614d59c645f63d535368578f7200b4a703f7.txt | 0 | 0 | 3 | 3
5188ee526657dd70f640615640169d95a48d55b1.txt | 0 | 0 | 2 | 0
b1db714c2313b93cc5c6805d579990589cb2a2a6.txt | 0 | 0 | 13 | 0
90af8bf54a6f5b0902946493d86e4111d2694632.txt | 0 | 0 | 5 | 2
761c2dabd19823c3187b42b35a470de6b1e326b6.txt | 0 | 0 | 0 | 1
0dbd9429cc2ea7d4cdb699ecbf3ab21ad69aeda2.txt | 0 | 0 | 3 | 0
6443800038665209ab0760497118f0f902408d25.txt | 0 | 0 | 0 | 1
bcf86b320e0600dc889aba0287a74d4a48489132.txt | 0 | 0 | 2 | 0
858199a2fa14f835369ede30deb3de7fdfcc98c9.txt | 0 | 0 | 1 | 1
0658cc8aee30d5e6bb7bc55f760e4e3e02897e5b.txt | 0 | 0 | 3 | 0
880721557bf92e4b230f5f2cfff71e23bbfbfcc9.txt | 0 | 0 | 4 | 1
b026b13c664d72566ddd5e08a647d2df2ed230f8.txt | 0 | 0 | 2 | 0
cf28663cd73935f15b8f90fba6aed40d90f2f5a1.txt | 0 | 0 | 2 | 2
af0aa11d15e5bcb98c57458cb3592b4696345cc1.txt | 0 | 0 | 1 | 2
8f32b87c817777dbace6075e69133a88630698e1.txt | 0 | 0 | 1 | 1
9bba73a1a978b5883b7838a252e387d4dca0fbca.txt | 0 | 0 | 6 | 11
31ed042190f782bd1daf6f96b913d9c9378c1064.txt | 0 | 0 | 3 | 0
c98713ba952c1d8bbc239af0ae6e9d9d8b03c16e.txt | 0 | 0 | 0 | 3
78a9ace582016e9c73a58b118f59235e208b9aaf.txt | 0 | 0 | 4 | 0
14c62436370d64e04db2fac85fcf35bfc0bed918.txt | 0 | 0 | 2 | 2
d08480320bc541028706d07c0a565af241cede5d.txt | 0 | 0 | 1 | 1
07b88630f4af7de33be27d3ee0c9bef257233db5.txt | 0 | 0 | 1 | 0
721b5a2395322b7c13a1361296361d26118dd6d3.txt | 0 | 0 | 2 | 2
de268d97e2941c08182f7af7066338426abe5dfd.txt | 0 | 0 | 3 | 0
1466169dc087bbff62124251c4255abde5f8f642.txt | 0 | 0 | 1 | 0
6ad7257baf3077d4de47c4aa009769e25d1637af.txt | 0 | 0 | 2 | 0
726991c14442c70b6eb44e6ce8c2233fc7a6e850.txt | 0 | 0 | 1 | 1
e5ca4990d05e4d3cdd0444344c2fb84b16d5e6fa.txt | 0 | 0 | 1 | 0
dca637f51fa3d1ff99a03590b1ed232a92a72888.txt | 0 | 0 | 1 | 1
cf53b7643043deb0b49d3a43d0a007969748b71e.txt | 0 | 0 | 1 | 1
e924745bf81aa5997febd21bcd3bdbc74f2e68fb.txt | 0 | 0 | 2 | 2
ce2a2beab47ec8951ee79678ea793ff10140a0de.txt | 0 | 0 | 1 | 1
ad53f09ed484619090350624d508dd5591f0e8d4.txt | 0 | 0 | 1 | 0
a274c78fa0a3b5e0f29a12924247eabbe4005b86.txt | 0 | 0 | 4 | 0
cb1b3481beac8280ab55898ed535cf08bbc80b28.txt | 0 | 0 | 6 | 1
0f820afa86bf4104a3da02706b3afe9fb1b14e44.txt | 0 | 0 | 2 | 0
05e1f228243017006bb81f2fd72764349ef67729.txt | 0 | 0 | 2 | 0
e2119d33293008fcc876f5fcd58ede2993eb24d6.txt | 0 | 0 | 9 | 9
ccb1eaf8eda94ae41db2a432b1781efb421c86c8.txt | 0 | 0 | 1 | 1
67a299020b5657edb9b78f13bf16e027f1351e1f.txt | 0 | 0 | 0 | 3
711391cf2f27dd2637a1bb4d7847a2323b6c4e16.txt | 0 | 0 | 1 | 1
2fea5a869d81ee5d632f5372009a3a56f1e2cf34.txt | 0 | 0 | 1 | 0
a27176807f4b45bc768e019d9a0dab1ac8ec3dec.txt | 0 | 0 | 1 | 0
19ccfaea8652bdd10a6e3f101ef44631c757906b.txt | 0 | 0 | 2 | 1
5b1503d07de339e726134ee3d5ec73ac23064e9e.txt | 0 | 0 | 0 | 2
bd79ec2362770b99ba3a9d19b2ac97105b63d4b5.txt | 0 | 0 | 1 | 1
fe1336edcc3a6c3e5da6896d52976f5b201d2e4e.txt | 0 | 0 | 6 | 4
9153ca95269bd1e3e97b49562343b380bece1451.txt | 0 | 0 | 2 | 0
47f60684e3406911855713bccecaf1c8246f2208.txt | 0 | 0 | 1 | 0
b20d02a31db3670c00bc52f663f63640760df3b0.txt | 0 | 0 | 1 | 1
58d660d10d7abb5fe2ea502b6c538714bede62ea.txt | 0 | 0 | 1 | 0
ee40fb8cf153b840836b9abcff2bb112c64cc79a.txt | 0 | 0 | 2 | 1
77b52b993bf6709913c12ae3c7872e25fc01bbb2.txt | 0 | 0 | 4 | 3
44b877cd7dce2f1424f9618faa172c82020fa7c8.txt | 0 | 0 | 0 | 1
64b7466d51cfdaa83fc5d7974268dafc05819000.txt | 0 | 0 | 0 | 1
2c97d3a5e9a0ee535a4c8ee474c432e5a10ac8bc.txt | 0 | 0 | 1 | 1
fd9e8503bb087e0b88eb428c30cda32ac79ae4a1.txt | 0 | 0 | 0 | 1
7e2d7dcd1df6194d6f6628f2029b5c87bd20d0b8.txt | 0 | 0 | 1 | 1
1ff76459db50a96e4451f3f278aec870a8430bc9.txt | 0 | 0 | 2 | 2
a973fd41f48fc395692ef34d224065c260cc2e58.txt | 0 | 0 | 1 | 1
1cd3b0cabe2f4479a07659c560c946eb03423d9e.txt | 0 | 0 | 0 | 2
5cb6c086b6c73769521315be17274e3adf46fcc0.txt | 0 | 0 | 1 | 1
2104d9a1e2609065502324ba7c42fb02b7957efc.txt | 0 | 0 | 2 | 1
345c0fc5a490cc792559eab4c42cbc2e7739e729.txt | 0 | 0 | 1 | 0
b79934a7a49b2265f4625898b43695fbd89992cb.txt | 0 | 0 | 1 | 1
da2e25f90d5a0a7c3f51caba51e76b4a83a8738e.txt | 0 | 0 | 5 | 0
ec73144240c576ee362271690918cbcdb55be31b.txt | 0 | 0 | 0 | 0
47807b89258e77601fa0938df049ce06ce18d584.txt | 0 | 0 | 1 | 3
1e464da2480568014a87dd0bac6febe63a76c889.txt | 0 | 0 | 1 | 0
dd69d0f660c2d1d5c551c9476e4e6f8702657e68.txt | 0 | 0 | 3 | 0
e0787cbaf0fd9b125cc56aefc67fb5bc98a94ed3.txt | 0 | 0 | 1 | 1
1480f0717fcfdf5483798c30c1547e155def95c9.txt | 0 | 0 | 1 | 1
0b4e2b3667a03a18632da20d9fe9d6b2801d821c.txt | 0 | 0 | 1 | 1
5ecb68b226381c6a2557c7b397183d5e30dc6e42.txt | 0 | 0 | 4 | 0
fb8a5a9864de20cda052edb7cca03a35d3cb94d1.txt | 0 | 0 | 3 | 1
dd126faf5ac3a5be4f04d15d5c3e3938db93cf36.txt | 0 | 0 | 4 | 0
64af3272a16c4859892405642b604e4fa5c8cca4.txt | 0 | 0 | 0 | 2
b0b7bc0e7f1db35ad55afa09004dcccb8b1fb18b.txt | 0 | 0 | 3 | 1
2c81907d588690bb623745c95f577a0c60a156f5.txt | 0 | 0 | 7 | 0
ee62633e33b44356f14060fd920130c66d8c9e14.txt | 0 | 0 | 7 | 0
e41394233ba73fb309cb569443de9b801f048427.txt | 0 | 0 | 0 | 3
b6cd2c970ccb0b006c20f1411514f72985733405.txt | 0 | 0 | 1 | 2
c6b4c48181d1e27ff9fa4224c63c77b22dbff0da.txt | 0 | 0 | 2 | 0
551c08ebfec9a0f879229c0416daba7e234301ef.txt | 0 | 0 | 1 | 1
3d4a9d9c849c56076620b0779f3cf0a06bba768d.txt | 0 | 0 | 0 | 2
317364663582d23c509e73ac408183afe6b79ec1.txt | 0 | 0 | 4 | 3
48b0f1577bdbcd68285ea052c759492137330c8c.txt | 0 | 0 | 1 | 0
b43827d6264a3eb4e9558c6e1dd7f89e537caa96.txt | 0 | 0 | 1 | 1
beef5cfd313dfb3bf37deb02c2f8b2aaffeb3804.txt | 0 | 0 | 1 | 1
9b8fefb0f43a448c6410300a505d91cd1048ee02.txt | 0 | 0 | 1 | 1
3789424f22efe2847c547705b1beb6dc9d0f342c.txt | 0 | 0 | 1 | 1
182754a5823814dfc8baaf676ec70205601c5aa6.txt | 0 | 0 | 2 | 2
b2e395db7a9660265117252e60e266f8f71b1cc3.txt | 0 | 0 | 1 | 1
1d39feffeabf4b94e3f900b941b58e0443d5887a.txt | 0 | 0 | 1 | 1
fe75f966ff7cb6c95efd6267747842819d592022.txt | 0 | 0 | 5 | 0
a19eeaf91d958c57d5237693e83d2e538b1f2078.txt | 0 | 0 | 0 | 2
191894a16affe86dbc49c2ad44e625b17d5f2399.txt | 0 | 0 | 3 | 0
bf56ec496d735a69dbcb5b74adb9f34407897d9f.txt | 0 | 0 | 1 | 0
b97e0bd4718551ffad369fd1b493ac491de48949.txt | 0 | 0 | 1 | 0
e4d594cce5927a73d8dd553c91c51eb67561424e.txt | 0 | 0 | 1 | 0
7e579d3652348bced7a3cf463b3c89089aebadf9.txt | 0 | 0 | 1 | 0
9b78f5d52e10fd1a7dbcab527690476ce75188b9.txt | 0 | 0 | 1 | 1
1f66277fd683ab84e786c85edd57c09e92ef489c.txt | 0 | 0 | 1 | 0
84c9a65e9d0bc8c24c8a3cfcfbdc2e46945e3174.txt | 0 | 0 | 4 | 0
4c97dcb53ae0a7cba4859ba60af2bf6474bad39f.txt | 0 | 0 | 4 | 0
44b7673ee64ea7e0d4ff0f471a5d9ee313c2454b.txt | 0 | 0 | 3 | 3
0be00e2a6d1575e33e9486a3f2118c8a870298a7.txt | 0 | 0 | 0 | 1
d839e1ec006b41ebd97459f3e5528a5c5e39e10b.txt | 0 | 0 | 0 | 1
fed8c8a68189e49ff5cde129b8224bfd805adfe9.txt | 0 | 0 | 1 | 1
258c4838b12c7915e02eb2051bc8267d6d1eafcc.txt | 0 | 0 | 3 | 0
12cefd2c2b926103340e2245f16fb4930681f955.txt | 0 | 0 | 1 | 0
642af52d0169577a98513c6489c74a47736c9d95.txt | 0 | 0 | 2 | 2
d7652e8f144dbc19d501e95452e6f802e4707fc6.txt | 0 | 0 | 1 | 1
22ac6bcb2d8162101448f36c5b5deb2164ff5f47.txt | 0 | 0 | 2 | 2
28d2955d0346a1b349ff9d986b409e7a3c067bb0.txt | 0 | 0 | 1 | 1
c9561f031c591ca55e028ca66250511c5e62002a.txt | 0 | 0 | 1 | 0
6d396b973ff581dbfb9eb7453da72fabe7f87472.txt | 0 | 0 | 2 | 0
d0fa72a169fd8899f89bfbb24cae54603c8bbc7f.txt | 0 | 0 | 1 | 1
5114c9d651ee97851de3baecefa5a66cb5c4883e.txt | 0 | 0 | 1 | 0
20091b75c9a2e855a0325abc5df890805865d4e2.txt | 0 | 0 | 1 | 1
c937bb68a03de950a1fd91f58b1a84c2e4cb4ad2.txt | 0 | 0 | 3 | 0
bb5e09882a6400a7ad5ca0f8d9b0c38c4d2b838c.txt | 0 | 0 | 3 | 2
3b78aa9493eca33301191401add548645c6f003f.txt | 0 | 0 | 1 | 1
78ce06ccc79f062037f87c4b2ceb78f62c6c3e53.txt | 0 | 0 | 3 | 0
7a5fabf59d838c3e70cc24b38ddc41db773504ce.txt | 0 | 0 | 1 | 1
d39a8360b77a26086613eb067f7043a04ea5025a.txt | 0 | 0 | 3 | 0
d2d71934b6e7d872d61a4066e3fef2de535bb825.txt | 0 | 0 | 1 | 1
e4342075ab912ce3a51ccf19edc42e341368dccd.txt | 0 | 0 | 1 | 0
eafee1ecb6235f6075ed5cd6b000966f3146d64f.txt | 0 | 0 | 2 | 0
c68e5f12ff452f5fd3d15ec1eb2eb1e73c585150.txt | 0 | 0 | 1 | 1
cf151b1717dd067672ad58ea98174e7dca153443.txt | 0 | 0 | 7 | 0
d2d6dbdc00a9be05a59f03430c780bf9884a694a.txt | 0 | 0 | 1 | 1
037b6d8ba2e39537893aa0d6997586c968e81de2.txt | 0 | 0 | 5 | 0
b0f381bb6f46101f35ddc137f03a9ae817098598.txt | 0 | 0 | 2 | 0
b2fcd77d935125a77957a875beb5962d898df73d.txt | 0 | 0 | 1 | 1
89fe0794a9a53efa80f6c9aacdc0d9f5c97da0a9.txt | 0 | 0 | 1 | 1
ddd820af9ad3756bf299d0f5a558d01b882e1813.txt | 0 | 0 | 0 | 2
56329e67d73ba18130b852868d6580d3d082405b.txt | 0 | 0 | 3 | 4
36130b27e1ca77c4a2f398e7d7f2f2570a3e98c7.txt | 0 | 0 | 1 | 0
cd8c3d7327e409d086d972c6a32ef111d340cdd7.txt | 0 | 0 | 3 | 0
86cd7275a1550c9772da6f113812541bf6a5fcdb.txt | 0 | 0 | 3 | 1
7787b2ef6a2b8f01319beec08bddc137a2756ec3.txt | 0 | 0 | 6 | 3
8c9b7bd406682fec35bca9bbbf321ee366347796.txt | 0 | 0 | 1 | 1
2fc2ec457b10b5c09355ab1453b685976d6d8621.txt | 0 | 0 | 3 | 0
70031cca66072790f8f808fef708ec6a6ce7d82e.txt | 0 | 0 | 2 | 0
db83e89922c2ee7e3886175a875a06bc6faa5b86.txt | 0 | 0 | 10 | 8
fcea5654334001cb5faadfee3a7b8986f6e215ee.txt | 0 | 0 | 5 | 5
48819253eb5171b93ede2b630fdb8e64ca845e62.txt | 0 | 0 | 2 | 0
1e50d988abb28672991c4efa924f2cd9c7da1c88.txt | 0 | 0 | 1 | 1
930c838da96da8f35af7bd158d16ce493c5a1ebd.txt | 0 | 0 | 0 | 11
17aad4f00c1a377e043843f489621c98333a2133.txt | 0 | 0 | 2 | 1
c74badd4f2a7c50885a570f2d14d80a047f1cd2b.txt | 0 | 0 | 8 | 0
0f17142366c6bf9e8bc20b261b24caa210107108.txt | 0 | 0 | 1 | 1
c00a42f437258e4b59e37ced1adc9cf82856d64e.txt | 0 | 0 | 3 | 0
de95012635460ec40b9783ea9c501aa0b7157564.txt | 0 | 0 | 1 | 0
3ba5f56808c75643fbf81a7aa6879481bccca23b.txt | 0 | 0 | 3 | 0
10de30ff112800ddf294779d4bfa743d766c7fb3.txt | 0 | 0 | 1 | 0
a170bfcc76cfb47b1c94481ccd35509eaa619b74.txt | 0 | 0 | 8 | 0
4d5dcca5537a46e73c6e06b49d45b050aff419a2.txt | 0 | 0 | 13 | 9
c4223d645dd6d78a2cebdccda069fa319a85deca.txt | 0 | 0 | 1 | 2
fcae5a7df80e011c80760db2df496a528d0e4023.txt | 0 | 0 | 1 | 1
740c132c23b280995733eadbe73ae56b4f2d5fc1.txt | 0 | 0 | 1 | 1
08bc306a6138d88c954b7333276cef80e721b5db.txt | 0 | 0 | 1 | 0
a2adc5a1304f2eb24127bf60e6ad7dd50643fc7c.txt | 0 | 0 | 10 | 0
e695e5d637c3ae8317f4340781294aa060e413c2.txt | 0 | 0 | 2 | 3
caf11e4445a1be002fed1ef6eb684dbb8f9b47ce.txt | 0 | 0 | 4 | 0
db18abc542e2604ddceb64745ed634972e37d88e.txt | 0 | 0 | 1 | 0
db33a75484c33b298463afe81fab2e92555f3557.txt | 0 | 0 | 4 | 0
6a227a2298c309777f8333c731fc165a7affae79.txt | 0 | 0 | 0 | 2
50518514b08078ffc65fcffac50e33717a2ae642.txt | 0 | 0 | 1 | 0
8e81f0c23d7095b38144d8f4ea3c33e7b9cd45f4.txt | 0 | 0 | 1 | 0
fee9dacab1c4a630aa083f6740098aa7fb7ee2d0.txt | 0 | 0 | 1 | 1
55b7a48beeb4ed4db1bcea4b285c0a363737fd5f.txt | 0 | 0 | 3 | 0
861587ec78a488f735f07d37029d971e2c4ea33d.txt | 0 | 0 | 2 | 0
072453bf582d48f7f8b350aa71db774f95869120.txt | 0 | 0 | 0 | 1
799f9edb0b58c4de3f01805eb9c84af203eea4b9.txt | 0 | 0 | 2 | 0
0451f16accfff2e57a29dc37c618a5ae917d4f26.txt | 0 | 0 | 0 | 7
c2c81441174666c69dbc9e63c9700f66fa07aa5c.txt | 0 | 0 | 1 | 0
df9d2bc9f47381a2f9e6435f825eb71e63840393.txt | 0 | 0 | 0 | 2
5d876125de5e5ba50cfa0bb29eb852929cdb34d0.txt | 0 | 0 | 1 | 0
